START -5.297709923664122 0.361083984375 0.101318359375 2 -7.297709923664122 10.16793893129771 END
START -5.6106870229007635 0.231201171875 0.05126953125 3 -6.534351145038168 9.274809160305344 END
START -2.0381679389312977 0.294921875 0.015625 4 -4.816793893129771 7.114503816793893 END
START -2.83206106870229 0.302490234375 0.06884765625 5 -3.045801526717557 4.473282442748092 END
START -4.908396946564886 0.28662109375 0.1796875 6 -5.259541984732825 9.603053435114504 END
START -4.137404580152672 0.333251953125 0.08642578125 7 -5.320610687022901 8.15267175572519 END
START -4.229007633587786 0.333740234375 0.09423828125 8 -7.015267175572519 11.13740458015267 END
START -3.1068702290076335 0.294921875 0.086181640625 9 -6.8396946564885495 7.244274809160306 END
START -1.251908396946565 0.2587890625 -0.026611328125 10 -4.7251908396946565 4.656488549618321 END
START -0.7862595419847328 0.232666015625 0.017822265625 11 -2.801526717557252 2.480916030534351 END
START -0.9007633587786259 0.26416015625 0.06884765625 12 -1.7404580152671756 2.5114503816793894 END
START -1.3053435114503817 0.301513671875 0.10302734375 13 -2.1297709923664123 3.7251908396946565 END
START -1.1374045801526718 0.31884765625 0.080810546875 14 -1.816793893129771 4.2748091603053435 END
START -0.9083969465648855 0.28125 0.07080078125 15 -3.8625954198473282 4.3816793893129775 END
START -0.8931297709923665 0.271484375 0.069091796875 16 -1.8244274809160306 4.122137404580153 END
START -0.7099236641221374 0.251220703125 0.052978515625 17 -1.3511450381679388 2.5114503816793894 END
START -0.40458015267175573 0.24560546875 0.017822265625 18 0.6106870229007634 1.3358778625954197 END
START -0.3893129770992366 0.220703125 0.044189453125 19 0.9389312977099237 -0.3816793893129771 END
START 0.2900763358778626 0.22265625 0.02587890625 20 1.6488549618320612 -2.1526717557251906 END
START 0.8091603053435115 0.226318359375 0.016845703125 21 2.198473282442748 -2.099236641221374 END
START 1.4809160305343512 0.2216796875 0.01708984375 22 2.9160305343511452 -6.351145038167939 END
START 2.2748091603053435 0.196044921875 0.044677734375 23 3.3969465648854964 -9.435114503816793 END
START 4.351145038167939 0.176513671875 -0.04638671875 24 6.114503816793893 -13.694656488549619 END
START 6.862595419847328 0.190185546875 -0.057373046875 25 8.091603053435115 -20.633587786259543 END
START 9.50381679389313 0.250244140625 -0.05126953125 26 9.793893129770993 -25.52671755725191 END
START 7.106870229007634 0.4306640625 0.119384765625 27 15.17557251908397 -24.427480916030536 END
START 3.6793893129770994 0.54150390625 0.497314453125 28 4.938931297709924 -10.13740458015267 END
START 0.20610687022900764 0.623779296875 0.32470703125 29 1.2061068702290076 -6.450381679389313 END
START 1.3587786259541985 0.525634765625 0.197265625 30 -5.1679389312977095 0.9083969465648855 END
START 1.8091603053435115 0.35009765625 0.0849609375 31 -3.0916030534351147 -2.6259541984732824 END
START 1.0610687022900764 0.32177734375 0.035400390625 32 -3.8625954198473282 -1.8091603053435115 END
START -0.31297709923664124 0.27783203125 0.083251953125 33 -0.7404580152671756 -2.5267175572519083 END
START -1.297709923664122 0.3271484375 0.087646484375 34 -0.48091603053435117 0.05343511450381679 END
START -0.5725190839694656 0.361572265625 0.0703125 35 -0.4198473282442748 0.5801526717557252 END
START 0.21374045801526717 0.404296875 0.048583984375 36 -0.549618320610687 1.251908396946565 END
START 0.25190839694656486 0.369140625 0.07373046875 37 -0.6183206106870229 1.8778625954198473 END
START -0.08396946564885496 0.347412109375 0.08203125 38 -0.9770992366412213 2.984732824427481 END
START -0.37404580152671757 0.3330078125 0.071044921875 39 -1.1068702290076335 3.1374045801526718 END
START 0.8320610687022901 0.328857421875 0.021240234375 40 -0.24427480916030533 0.9007633587786259 END
START 0.366412213740458 0.322509765625 0.077392578125 41 -0.03816793893129771 0.9007633587786259 END
START 0.3893129770992366 0.320068359375 0.07568359375 42 0.061068702290076333 -0.03816793893129771 END
START 0.2900763358778626 0.31640625 0.080078125 43 -0.6030534351145038 -0.16793893129770993 END
START 0.2900763358778626 0.343017578125 0.099609375 44 -1.2442748091603053 -0.4198473282442748 END
START 0.3435114503816794 0.337158203125 0.085205078125 45 -0.8015267175572519 -0.25190839694656486 END
START 0.16030534351145037 0.3359375 0.09765625 46 -0.5114503816793893 0.11450381679389313 END
START -0.03816793893129771 0.330322265625 0.095947265625 47 -0.6717557251908397 -0.648854961832061 END
START -0.16030534351145037 0.31396484375 0.085693359375 48 -0.42748091603053434 -1.0534351145038168 END
START -0.015267175572519083 0.343505859375 0.080322265625 49 -0.3511450381679389 -1.549618320610687 END
START 0.10687022900763359 0.35693359375 0.075439453125 50 -0.24427480916030533 -1.1984732824427482 END
START 0.21374045801526717 0.35400390625 0.07861328125 51 -0.183206106870229 -1.1297709923664123 END
START -0.2366412213740458 0.34912109375 0.081298828125 52 -0.1984732824427481 -0.4961832061068702 END
START -0.42748091603053434 0.344970703125 0.087890625 53 -0.6030534351145038 -0.2824427480916031 END
START -0.4961832061068702 0.349609375 0.068603515625 54 -0.04580152671755725 -0.45038167938931295 END
START -0.11450381679389313 0.349609375 0.064453125 55 -1.9389312977099236 -0.2900763358778626 END
START -0.1450381679389313 0.352783203125 0.07763671875 56 0.3893129770992366 -0.4580152671755725 END
START 0.06870229007633588 0.3505859375 0.07763671875 57 0.19083969465648856 -0.3053435114503817 END
START 0.183206106870229 0.3505859375 0.084228515625 58 -1.9389312977099236 -0.6717557251908397 END
START 0.08396946564885496 0.345703125 0.088623046875 59 0.2900763358778626 -0.061068702290076333 END
START -0.09923664122137404 0.358642578125 0.089111328125 60 0.1450381679389313 0.03816793893129771 END
START -0.2900763358778626 0.35888671875 0.06689453125 61 0.3282442748091603 0.21374045801526717 END
START -0.48091603053435117 0.353759765625 0.076904296875 62 0.5725190839694656 0.3816793893129771 END
START -0.6183206106870229 0.35302734375 0.084716796875 63 0.648854961832061 0.5038167938931297 END
START -0.44274809160305345 0.353271484375 0.072998046875 64 0.46564885496183206 0.25190839694656486 END
START -0.3053435114503817 0.357666015625 0.081298828125 65 0.5114503816793893 0.06870229007633588 END
START 0.3053435114503817 0.36474609375 0.079345703125 66 -0.030534351145038167 -0.16030534351145037 END
START 0.40458015267175573 0.344482421875 0.07958984375 67 -0.48091603053435117 -0.4122137404580153 END
START 0.6564885496183206 0.343994140625 0.091796875 68 -0.6793893129770993 -0.8015267175572519 END
START 0.7786259541984732 0.349853515625 0.093017578125 69 -0.9923664122137404 -0.5954198473282443 END
START 0.5572519083969466 0.35009765625 0.0859375 70 -0.6259541984732825 -0.07633587786259542 END
START 0.1450381679389313 0.35791015625 0.078369140625 71 -0.5038167938931297 1.9083969465648856 END
START 0.09923664122137404 0.350341796875 0.06982421875 72 0.12213740458015267 -1.8702290076335877 END
START -0.030534351145038167 0.34521484375 0.083740234375 73 0.1297709923664122 0.1984732824427481 END
START -0.16030534351145037 0.35498046875 0.078125 74 0.19083969465648856 0.13740458015267176 END
START 0.03816793893129771 0.353759765625 0.08203125 75 0.21374045801526717 0.19083969465648856 END
START 0.022900763358778626 0.347900390625 0.09130859375 76 0.17557251908396945 0.1450381679389313 END
START 0.06870229007633588 0.34716796875 0.087158203125 77 0.08396946564885496 0.2366412213740458 END
START 0.022900763358778626 0.35107421875 0.082275390625 78 -0.24427480916030533 0.04580152671755725 END
START -0.13740458015267176 0.3447265625 0.085693359375 79 -0.3282442748091603 0.1297709923664122 END
START -0.08396946564885496 0.3408203125 0.081298828125 80 -0.15267175572519084 0.07633587786259542 END
START -0.007633587786259542 0.3515625 0.08447265625 81 0.061068702290076333 0.3282442748091603 END