START 3.0 0.47314453125 -0.04345703125 2 1.9618320610687023 0.4732824427480916 END
START 4.450381679389313 0.53662109375 -0.060546875 3 4.229007633587786 0.29770992366412213 END
START 5.0534351145038165 0.5458984375 -0.01904296875 4 3.6564885496183206 0.9312977099236641 END
START 6.076335877862595 0.496337890625 -0.008544921875 5 2.877862595419847 1.6793893129770991 END
START 6.519083969465649 0.480712890625 -0.017578125 6 4.175572519083969 1.549618320610687 END
START 6.267175572519084 0.38037109375 0.023193359375 7 5.076335877862595 0.40458015267175573 END
START 3.0076335877862594 0.3232421875 0.094482421875 8 5.320610687022901 0.37404580152671757 END
START 0.3511450381679389 0.210693359375 0.2109375 9 4.740458015267175 0.48091603053435117 END
START 0.26717557251908397 0.269287109375 0.159423828125 10 6.305343511450381 -0.3053435114503817 END
START -0.4580152671755725 0.26171875 0.23779296875 11 4.938931297709924 -0.8091603053435115 END
START 0.11450381679389313 0.23828125 0.2509765625 12 3.0076335877862594 -2.2519083969465647 END
START 0.022900763358778626 0.245361328125 0.262451171875 13 0.9007633587786259 -3.0763358778625953 END
START -0.9083969465648855 0.2294921875 0.2763671875 14 -1.3358778625954197 -2.4656488549618323 END
START -1.4045801526717556 0.23828125 0.20849609375 15 -0.061068702290076333 -2.0763358778625953 END
START -2.381679389312977 0.255615234375 0.197998046875 16 -2.9236641221374047 -2.114503816793893 END
START -2.9923664122137406 0.303466796875 0.16455078125 17 -3.6946564885496183 -2.7404580152671754 END
START -2.6030534351145036 0.38671875 0.081787109375 18 -3.2977099236641223 -3.480916030534351 END
START -1.5038167938931297 0.500244140625 0.00244140625 19 -2.2595419847328246 -2.900763358778626 END
START -1.4732824427480915 0.51318359375 0.05859375 20 -4.083969465648855 -0.8931297709923665 END
START -0.6335877862595419 0.543212890625 -0.025390625 21 -4.312977099236641 -0.16793893129770993 END
START -0.6183206106870229 0.502685546875 -0.018310546875 22 -5.068702290076335 1.4427480916030535 END
START -0.13740458015267176 0.465087890625 -0.07470703125 23 -5.267175572519084 1.8473282442748091 END
START 0.1450381679389313 0.44091796875 -0.0859375 24 -5.297709923664122 0.030534351145038167 END
START -0.4122137404580153 0.3984375 -0.10009765625 25 -4.99236641221374 1.7557251908396947 END
START -1.0 0.3837890625 -0.122314453125 26 -3.404580152671756 2.1374045801526718 END
START -0.015267175572519083 0.33154296875 -0.085205078125 27 -2.282442748091603 1.4732824427480915 END
START -2.8244274809160306 0.3642578125 -0.092041015625 28 -1.4580152671755726 3.0076335877862594 END
START -2.3893129770992365 0.353271484375 -0.068115234375 29 -1.4961832061068703 3.1526717557251906 END
START -1.916030534351145 0.387939453125 -0.0908203125 30 -0.03816793893129771 2.633587786259542 END
START -1.5954198473282444 0.34228515625 -0.04248046875 31 0.24427480916030533 2.312977099236641 END
START -1.0381679389312977 0.337890625 -0.0615234375 32 1.534351145038168 0.9389312977099237 END
START -1.1068702290076335 0.30322265625 0.00634765625 33 1.6717557251908397 0.6870229007633588 END
START -0.9389312977099237 0.302978515625 0.035400390625 34 1.5267175572519085 0.48091603053435117 END
START -0.7862595419847328 0.32177734375 0.059326171875 35 1.381679389312977 0.11450381679389313 END
START -0.8244274809160306 0.33544921875 0.0849609375 36 0.732824427480916 0.26717557251908397 END
START -0.7251908396946565 0.35400390625 0.083740234375 37 1.9465648854961832 0.8015267175572519 END
START -0.16030534351145037 0.379638671875 0.06591796875 38 -0.5877862595419847 -0.21374045801526717 END
START 0.6870229007633588 0.392333984375 0.06103515625 39 -1.366412213740458 -0.19083969465648856 END
START 1.1221374045801527 0.41015625 0.037353515625 40 -1.5877862595419847 -0.5954198473282443 END
START 1.7099236641221374 0.390625 0.01416015625 41 -1.5648854961832062 -0.8625954198473282 END
START 1.6870229007633588 0.394775390625 0.01513671875 42 -1.3206106870229009 -0.8931297709923665 END
START 0.9007633587786259 0.3671875 0.045654296875 43 -1.0458015267175573 -0.13740458015267176 END
START 0.29770992366412213 0.365478515625 0.020263671875 44 -0.33587786259541985 -0.11450381679389313 END
START 0.06870229007633588 0.369873046875 0.014892578125 45 -0.22137404580152673 0.0 END
START 0.4351145038167939 0.393310546875 -0.001953125 46 -0.061068702290076333 -0.007633587786259542 END
START 0.3282442748091603 0.38720703125 0.000732421875 47 -0.09923664122137404 0.21374045801526717 END
START 0.40458015267175573 0.377685546875 0.01025390625 48 0.3511450381679389 0.1297709923664122 END
START 0.9541984732824428 0.381103515625 -0.000732421875 49 0.6717557251908397 -0.4122137404580153 END
START 0.6259541984732825 0.369140625 0.044921875 50 0.4198473282442748 -0.06870229007633588 END
START 1.015267175572519 0.363525390625 0.0166015625 51 0.3282442748091603 -0.8625954198473282 END
START 0.6030534351145038 0.365478515625 0.042724609375 52 0.366412213740458 -0.7938931297709924 END
START 0.12213740458015267 0.355224609375 0.05224609375 53 0.16030534351145037 -0.5114503816793893 END
START 0.015267175572519083 0.377197265625 0.037353515625 54 0.2595419847328244 -0.13740458015267176 END
START -0.2595419847328244 0.373779296875 0.052001953125 55 0.20610687022900764 0.03816793893129771 END
START -0.015267175572519083 0.385009765625 0.04443359375 56 0.1450381679389313 0.2900763358778626 END
START 0.10687022900763359 0.3828125 0.04541015625 57 0.061068702290076333 0.12213740458015267 END
START 0.4122137404580153 0.380615234375 0.042236328125 58 -0.37404580152671757 -0.183206106870229 END
START 0.6641221374045801 0.386474609375 0.0263671875 59 -0.3435114503816794 -0.7480916030534351 END
START 0.4961832061068702 0.375732421875 0.059814453125 60 -0.7862595419847328 -0.42748091603053434 END
START 0.48854961832061067 0.37890625 0.027099609375 61 -0.648854961832061 -0.8931297709923665 END
START 0.19083969465648856 0.375732421875 0.024169921875 62 -0.7175572519083969 -0.40458015267175573 END
START -0.04580152671755725 0.37255859375 0.022216796875 63 -0.648854961832061 -0.44274809160305345 END
START -0.16793893129770993 0.3857421875 0.0068359375 64 -0.26717557251908397 0.5038167938931297 END
START 0.11450381679389313 0.403564453125 -0.001220703125 65 -1.9465648854961832 0.11450381679389313 END
START -0.04580152671755725 0.39208984375 0.027099609375 66 -0.09923664122137404 0.5267175572519084 END
START 0.1984732824427481 0.387939453125 0.003662109375 67 0.3053435114503817 -0.3893129770992366 END
START -0.04580152671755725 0.3916015625 0.024658203125 68 0.09923664122137404 0.4198473282442748 END
START 0.20610687022900764 0.385498046875 0.019287109375 69 0.16030534351145037 -0.4732824427480916 END
START 0.33587786259541985 0.389404296875 0.01513671875 70 0.05343511450381679 -0.08396946564885496 END
START 0.2748091603053435 0.37744140625 0.03759765625 71 -0.11450381679389313 -1.9312977099236641 END
START 0.33587786259541985 0.392822265625 0.014404296875 72 0.015267175572519083 0.1297709923664122 END
START 0.21374045801526717 0.364013671875 0.035888671875 73 -0.2595419847328244 0.5648854961832062 END
START -0.061068702290076333 0.389892578125 0.038818359375 74 -0.03816793893129771 0.6106870229007634 END
START 0.09923664122137404 0.394775390625 0.016357421875 75 0.061068702290076333 0.8473282442748091 END