START 2.8473282442748094 0.416015625 -0.045166015625 2 3.3435114503816794 -1.3587786259541985 END
START 3.1068702290076335 0.433349609375 -0.027587890625 3 3.7557251908396947 0.4122137404580153 END
START 3.122137404580153 0.4228515625 0.002685546875 4 4.1679389312977095 -0.4198473282442748 END
START 2.5419847328244276 0.42919921875 0.01708984375 5 4.580152671755725 -0.35877862595419846 END
START 2.1908396946564888 0.425537109375 0.055908203125 6 4.137404580152672 -0.3435114503816794 END
START 2.3969465648854964 0.42529296875 0.064697265625 7 3.3740458015267176 0.05343511450381679 END
START 3.1755725190839694 0.431884765625 0.052734375 8 2.984732824427481 -1.251908396946565 END
START 3.0229007633587788 0.38671875 0.07275390625 9 2.954198473282443 -2.0916030534351147 END
START 1.6717557251908397 0.352294921875 0.105224609375 10 3.595419847328244 -2.4198473282442747 END
START 0.1984732824427481 0.312744140625 0.142333984375 11 3.427480916030534 -1.7633587786259541 END
START -1.213740458015267 0.318359375 0.193115234375 12 2.282442748091603 -0.9541984732824428 END
START -3.2977099236641223 0.309814453125 0.235107421875 13 1.4732824427480915 0.8015267175572519 END
START -3.9236641221374047 0.283447265625 0.23876953125 14 -0.44274809160305345 1.3053435114503817 END
START -2.7480916030534353 0.350830078125 0.162109375 15 -0.732824427480916 -0.5877862595419847 END
START -1.8625954198473282 0.34912109375 0.177490234375 16 -2.877862595419847 -1.450381679389313 END
START -1.4961832061068703 0.35693359375 0.130126953125 17 -4.282442748091603 -2.6259541984732824 END
START -2.4885496183206106 0.376220703125 0.101318359375 18 -4.702290076335878 -3.198473282442748 END
START -2.2519083969465647 0.377685546875 0.041015625 19 -4.259541984732825 -0.9847328244274809 END
START -1.3740458015267176 0.4375 -0.027587890625 20 -4.473282442748092 -0.6641221374045801 END
START -0.9770992366412213 0.440185546875 -0.040283203125 21 -4.1679389312977095 1.2061068702290076 END
START -0.48854961832061067 0.4599609375 -0.074462890625 22 -3.5114503816793894 1.1984732824427482 END
START -0.44274809160305345 0.42431640625 -0.0537109375 23 -3.6946564885496183 1.6412213740458015 END
START -0.32061068702290074 0.4287109375 -0.079345703125 24 -2.946564885496183 1.5114503816793894 END
START -0.6946564885496184 0.390869140625 -0.072509765625 25 -2.786259541984733 1.4045801526717556 END
START -0.6106870229007634 0.373779296875 -0.0849609375 26 -1.984732824427481 0.8931297709923665 END
START -0.7633587786259542 0.376220703125 -0.083984375 27 -1.1374045801526718 1.0 END
START -0.8320610687022901 0.365234375 -0.0859375 28 -1.8778625954198473 0.6793893129770993 END
START -1.251908396946565 0.359130859375 -0.03173828125 29 0.9083969465648855 0.8320610687022901 END
START -1.3893129770992367 0.34228515625 -0.014404296875 30 1.2213740458015268 1.1908396946564885 END
START -0.9007633587786259 0.3681640625 -0.006591796875 31 1.6641221374045803 1.1908396946564885 END
START -0.26717557251908397 0.3701171875 0.044189453125 32 0.9694656488549618 1.3435114503816794 END
START 0.44274809160305345 0.375732421875 0.041259765625 33 0.2366412213740458 0.9847328244274809 END
START 1.015267175572519 0.365234375 0.034912109375 34 0.10687022900763359 0.030534351145038167 END
START 0.8931297709923665 0.35546875 0.062255859375 35 -0.3435114503816794 -0.13740458015267176 END
START 0.9770992366412213 0.3525390625 0.03173828125 36 -0.24427480916030533 -0.7862595419847328 END
START 0.7175572519083969 0.35791015625 0.046142578125 37 -0.05343511450381679 -0.6030534351145038 END
START 0.3893129770992366 0.372314453125 0.034423828125 38 0.10687022900763359 -0.366412213740458 END
START 0.11450381679389313 0.389892578125 0.048583984375 39 0.04580152671755725 0.366412213740458 END
START 0.022900763358778626 0.3955078125 0.05419921875 40 -0.4580152671755725 0.7480916030534351 END
START -0.022900763358778626 0.394287109375 0.041015625 41 -0.5343511450381679 0.648854961832061 END
START 0.08396946564885496 0.4052734375 0.031982421875 42 -0.7862595419847328 0.5725190839694656 END
START 0.8473282442748091 0.403076171875 0.026611328125 43 -1.0229007633587786 1.9389312977099236 END
START 0.7404580152671756 0.39794921875 0.005859375 44 -0.5343511450381679 -0.13740458015267176 END
START 0.7557251908396947 0.385498046875 0.02001953125 45 -0.48854961832061067 0.183206106870229 END
START 0.7938931297709924 0.38671875 0.018310546875 46 -0.2900763358778626 -0.37404580152671757 END
START 0.48091603053435117 0.382568359375 0.033447265625 47 -0.21374045801526717 0.29770992366412213 END
START 0.3282442748091603 0.38671875 0.020263671875 48 -0.10687022900763359 0.4122137404580153 END
START 0.015267175572519083 0.380126953125 0.03076171875 49 -0.10687022900763359 0.7022900763358778 END
START -0.015267175572519083 0.38427734375 0.023681640625 50 -0.061068702290076333 0.6793893129770993 END
START 0.10687022900763359 0.380615234375 0.02099609375 51 -0.09923664122137404 0.5267175572519084 END
START 0.4351145038167939 0.3828125 0.00830078125 52 0.015267175572519083 0.22900763358778625 END
START 0.5801526717557252 0.385009765625 0.0107421875 53 0.05343511450381679 0.04580152671755725 END
START 0.48091603053435117 0.3818359375 0.017333984375 54 0.2595419847328244 -0.08396946564885496 END
START 0.4732824427480916 0.37841796875 0.0263671875 55 0.09923664122137404 0.05343511450381679 END
START 0.366412213740458 0.378662109375 0.032958984375 56 0.030534351145038167 0.15267175572519084 END
START 0.3053435114503817 0.385009765625 0.037353515625 57 -0.2748091603053435 0.46564885496183206 END
START 0.37404580152671757 0.3779296875 0.0400390625 58 -0.4122137404580153 0.366412213740458 END
START 0.1984732824427481 0.37158203125 0.03759765625 59 -0.37404580152671757 0.6564885496183206 END
START 0.24427480916030533 0.3642578125 0.03662109375 60 -0.4198473282442748 0.3511450381679389 END
START 0.05343511450381679 0.361572265625 0.015869140625 61 -0.2748091603053435 0.3435114503816794 END
START 0.07633587786259542 0.361083984375 0.023681640625 62 -0.13740458015267176 -0.07633587786259542 END
START -1.9465648854961832 0.38916015625 0.046142578125 63 1.8931297709923665 -0.03816793893129771 END
START 0.007633587786259542 0.36181640625 0.019287109375 64 -0.11450381679389313 -0.015267175572519083 END
START 0.48854961832061067 0.3779296875 0.018310546875 65 -0.20610687022900764 -0.40458015267175573 END
START 0.5648854961832062 0.389892578125 0.021728515625 66 -0.15267175572519084 -0.33587786259541985 END
START 0.3511450381679389 0.38427734375 0.031005859375 67 -0.3969465648854962 0.12213740458015267 END
START 0.31297709923664124 0.387451171875 0.00244140625 68 -0.29770992366412213 0.3816793893129771 END
START -0.05343511450381679 0.38671875 0.013671875 69 -0.1984732824427481 0.6183206106870229 END
START 0.2748091603053435 0.3818359375 0.013916015625 70 -1.9236641221374047 0.5038167938931297 END
START 0.022900763358778626 0.38134765625 0.002197265625 71 0.3816793893129771 0.32061068702290074 END
START -0.061068702290076333 0.382080078125 0.026611328125 72 0.4198473282442748 0.25190839694656486 END
START -0.0916030534351145 0.384765625 0.0341796875 73 0.29770992366412213 0.0 END
START 0.0916030534351145 0.393798828125 0.046630859375 74 0.13740458015267176 0.06870229007633588 END