START 1.9770992366412214 0.40869140625 -0.060791015625 2 3.6564885496183206 0.3053435114503817 END
START 2.885496183206107 0.4287109375 -0.066162109375 3 2.213740458015267 0.16793893129770993 END
START 2.3053435114503817 0.420166015625 -0.042724609375 4 5.8320610687022905 -0.26717557251908397 END
START 4.320610687022901 0.4677734375 -0.084228515625 5 7.427480916030534 0.3893129770992366 END
START 4.320610687022901 0.422607421875 -0.013671875 6 8.755725190839694 -0.816793893129771 END
START 4.9541984732824424 0.40869140625 0.02880859375 7 11.709923664122137 -1.3740458015267176 END
START 4.099236641221374 0.396240234375 0.0576171875 8 11.34351145038168 -2.7480916030534353 END
START 4.320610687022901 0.352783203125 0.1103515625 9 9.923664122137405 -2.946564885496183 END
START 3.0 0.3408203125 0.1669921875 10 10.244274809160306 -4.755725190839694 END
START 0.5267175572519084 0.258056640625 0.285400390625 11 7.244274809160306 -2.351145038167939 END
START -0.6564885496183206 0.270263671875 0.27587890625 12 6.190839694656488 -3.816793893129771 END
START -1.4961832061068703 0.303955078125 0.282470703125 13 5.038167938931298 -2.854961832061069 END
START -1.7404580152671756 0.30859375 0.31640625 14 3.33587786259542 -3.648854961832061 END
START -2.099236641221374 0.346923828125 0.32275390625 15 1.3969465648854962 -2.9236641221374047 END
START -1.8625954198473282 0.36181640625 0.281005859375 16 -0.3893129770992366 -3.068702290076336 END
START -1.6870229007633588 0.374755859375 0.260986328125 17 -3.2213740458015265 -1.6870229007633588 END
START -2.4198473282442747 0.36181640625 0.2021484375 18 -4.6183206106870225 -0.9618320610687023 END
START -3.213740458015267 0.346923828125 0.147705078125 19 -5.786259541984733 -0.6793893129770993 END
START -3.0839694656488548 0.36474609375 0.06689453125 20 -6.603053435114504 1.8702290076335877 END
START -0.48854961832061067 0.439697265625 -0.056396484375 21 -5.343511450381679 -0.061068702290076333 END
START 0.22900763358778625 0.47216796875 -0.061767578125 22 -3.816793893129771 -1.9770992366412214 END
START -0.2595419847328244 0.456298828125 -0.041015625 23 -3.1068702290076335 -0.8549618320610687 END
START -1.534351145038168 0.452392578125 -0.010986328125 24 -3.3282442748091605 0.29770992366412213 END
START -1.7786259541984732 0.48876953125 -0.048095703125 25 -2.3206106870229006 1.099236641221374 END
START -1.717557251908397 0.484375 -0.06103515625 26 -1.9923664122137406 2.236641221374046 END
START -1.4580152671755726 0.481689453125 -0.051513671875 27 -2.1755725190839694 2.633587786259542 END
START -0.1984732824427481 0.49853515625 -0.08056640625 28 -1.5114503816793894 2.6259541984732824 END
START 0.37404580152671757 0.457763671875 -0.057373046875 29 -0.9618320610687023 2.2061068702290076 END
START 0.8244274809160306 0.425048828125 -0.038818359375 30 -0.6946564885496184 2.3740458015267176 END
START 1.0229007633587786 0.379638671875 0.0146484375 31 -0.5267175572519084 1.015267175572519 END
START 0.6717557251908397 0.342529296875 0.04052734375 32 -0.9694656488549618 1.3129770992366412 END
START 0.4580152671755725 0.339599609375 0.04541015625 33 -1.0381679389312977 1.2290076335877862 END
START 0.33587786259541985 0.328369140625 0.056884765625 34 -1.3129770992366412 1.900763358778626 END
START 1.6793893129770991 0.368408203125 0.0078125 35 -0.6564885496183206 0.5267175572519084 END
START 1.2442748091603053 0.35400390625 0.047119140625 36 -0.7938931297709924 0.8854961832061069 END
START 0.916030534351145 0.326904296875 0.072509765625 37 -0.8931297709923665 0.7251908396946565 END
START 0.6106870229007634 0.32568359375 0.059326171875 38 -0.1984732824427481 -0.5419847328244275 END
START 1.9465648854961832 0.333984375 0.083984375 39 -0.12213740458015267 -0.5190839694656488 END
START -0.007633587786259542 0.349853515625 0.062744140625 40 -0.24427480916030533 -0.5954198473282443 END
START -0.16793893129770993 0.362060546875 0.07568359375 41 -0.366412213740458 -0.05343511450381679 END
START -0.2748091603053435 0.39794921875 0.0830078125 42 -0.6564885496183206 0.6641221374045801 END
START -0.07633587786259542 0.406005859375 0.0576171875 43 -0.8015267175572519 0.8473282442748091 END
START 0.45038167938931295 0.40673828125 0.043212890625 44 -0.7251908396946565 0.6106870229007634 END
START 0.6564885496183206 0.420654296875 0.05078125 45 -0.916030534351145 0.29770992366412213 END
START 1.16793893129771 0.4189453125 0.016357421875 46 -0.7480916030534351 -0.5267175572519084 END
START 0.42748091603053434 0.406005859375 0.07666015625 47 -1.450381679389313 -0.45038167938931295 END
START 0.24427480916030533 0.369384765625 0.063232421875 48 -1.1755725190839694 -0.5419847328244275 END
START 0.05343511450381679 0.3896484375 0.052734375 49 -0.6870229007633588 -0.37404580152671757 END
START -0.15267175572519084 0.382080078125 0.0771484375 50 -0.8244274809160306 -0.05343511450381679 END
START -0.21374045801526717 0.390380859375 0.032470703125 51 -0.44274809160305345 0.030534351145038167 END
START -0.08396946564885496 0.39208984375 0.0498046875 52 -0.3435114503816794 0.0916030534351145 END
START -0.007633587786259542 0.400146484375 0.043212890625 53 0.16030534351145037 -0.05343511450381679 END
START 0.32061068702290074 0.378662109375 0.037841796875 54 -0.17557251908396945 0.061068702290076333 END
START 1.0305343511450382 0.416748046875 0.029296875 55 0.007633587786259542 -0.5877862595419847 END
START 0.9770992366412213 0.3994140625 0.05810546875 56 -0.5877862595419847 -0.22137404580152673 END
START 1.0229007633587786 0.39306640625 0.0419921875 57 -0.4732824427480916 -0.3511450381679389 END
START 0.5343511450381679 0.403076171875 0.067138671875 58 -1.0458015267175573 -0.1450381679389313 END
START 0.24427480916030533 0.3759765625 0.042236328125 59 -0.549618320610687 -0.19083969465648856 END
START 0.13740458015267176 0.38134765625 0.06005859375 60 -0.732824427480916 0.3893129770992366 END
START 0.16793893129770993 0.396240234375 0.050537109375 61 -0.7938931297709924 0.6335877862595419 END
START 0.5267175572519084 0.406494140625 0.0263671875 62 -0.6717557251908397 0.3053435114503817 END
START 0.5877862595419847 0.40576171875 0.046142578125 63 -0.6564885496183206 0.2595419847328244 END
START 0.4198473282442748 0.3935546875 0.04541015625 64 -0.7404580152671756 -0.08396946564885496 END
START 0.46564885496183206 0.368896484375 0.029541015625 65 -0.5190839694656488 0.8473282442748091 END
START 0.5038167938931297 0.376953125 0.037841796875 66 -0.4122137404580153 -0.5572519083969466 END
START 0.2595419847328244 0.4169921875 0.02880859375 67 -0.11450381679389313 -1.8244274809160306 END
START 0.366412213740458 0.390380859375 0.044921875 68 -0.1297709923664122 -0.4122137404580153 END
START 0.19083969465648856 0.408935546875 0.048828125 69 -0.17557251908396945 0.5114503816793893 END
START -0.33587786259541985 0.392578125 0.0576171875 70 -0.20610687022900764 0.8625954198473282 END
START -0.549618320610687 0.42919921875 0.0400390625 71 0.1450381679389313 0.06870229007633588 END
START 0.5190839694656488 0.397216796875 0.0400390625 72 0.2366412213740458 0.5801526717557252 END
START 0.13740458015267176 0.38916015625 0.066650390625 73 1.9312977099236641 0.916030534351145 END