START -1.7557251908396947 0.34765625 0.0556640625 2 -3.015267175572519 11.15267175572519 END
START -0.8625954198473282 0.2265625 0.0458984375 3 -4.1603053435114505 9.725190839694656 END
START -1.1450381679389312 0.27587890625 0.006591796875 4 -1.1297709923664123 6.122137404580153 END
START -0.549618320610687 0.257080078125 0.061767578125 5 -1.2290076335877862 5.67175572519084 END
START -0.7557251908396947 0.318115234375 0.068603515625 6 -1.6412213740458015 5.374045801526718 END
START -2.5267175572519083 0.348388671875 0.217529296875 7 -1.1526717557251909 9.50381679389313 END
START -0.7251908396946565 0.330322265625 0.09130859375 8 -4.0 9.763358778625955 END
START -1.5877862595419847 0.364501953125 0.12841796875 9 -5.480916030534351 11.412213740458014 END
START -0.6870229007633588 0.291748046875 0.09228515625 10 -6.748091603053435 11.595419847328245 END
START -1.4351145038167938 0.209228515625 0.088134765625 11 -7.625954198473282 5.374045801526718 END
START -0.6259541984732825 0.134521484375 -0.01904296875 12 -6.213740458015267 -0.7175572519083969 END
START -3.9083969465648853 0.1533203125 0.028076171875 13 -6.221374045801527 0.11450381679389313 END
START -0.8015267175572519 0.2060546875 -0.020263671875 14 -2.0610687022900764 -2.6793893129770994 END
START -1.7633587786259541 0.300048828125 0.065185546875 15 1.450381679389313 1.1603053435114503 END
START -0.1984732824427481 0.278564453125 0.01806640625 16 -1.16793893129771 -0.8549618320610687 END
START -1.16793893129771 0.2734375 0.052490234375 17 -1.7709923664122138 0.5572519083969466 END
START -0.8244274809160306 0.283935546875 0.05029296875 18 1.5190839694656488 1.7099236641221374 END
START -0.08396946564885496 0.28466796875 0.042236328125 19 1.7633587786259541 0.5114503816793893 END
START -0.40458015267175573 0.26123046875 0.05224609375 20 3.8473282442748094 1.7938931297709924 END
START 0.3969465648854962 0.21484375 0.033203125 21 3.50381679389313 -3.122137404580153 END
START 0.4198473282442748 0.20703125 0.048095703125 22 3.16793893129771 -5.679389312977099 END
START 0.9618320610687023 0.198974609375 0.018798828125 23 4.091603053435114 -7.977099236641221 END
START 1.3206106870229009 0.169921875 0.0087890625 24 5.709923664122138 -13.580152671755725 END
START 1.3587786259541985 0.22216796875 0.008056640625 25 10.068702290076336 -16.19083969465649 END
START 0.17557251908396945 0.332763671875 0.162841796875 26 7.969465648854962 -15.419847328244275 END
START 4.404580152671755 0.488525390625 0.13623046875 27 7.312977099236641 -11.16793893129771 END
START 3.687022900763359 0.52880859375 0.20458984375 28 2.4656488549618323 -5.450381679389313 END
START 2.877862595419847 0.39404296875 0.153076171875 29 1.4580152671755726 -4.145038167938932 END
START 3.564885496183206 0.348388671875 0.0458984375 30 0.20610687022900764 -4.862595419847328 END
START 4.198473282442748 0.286376953125 0.060791015625 31 0.0 -5.3816793893129775 END
START 4.9541984732824424 0.2890625 -0.021728515625 32 9.625954198473282 -12.305343511450381 END
START 1.2671755725190839 0.317626953125 0.181884765625 33 5.519083969465649 -3.5419847328244276 END
START 0.7557251908396947 0.3759765625 0.14111328125 34 1.381679389312977 -2.6030534351145036 END
START 0.4351145038167939 0.4091796875 0.090087890625 35 -0.816793893129771 0.3816793893129771 END
START 0.22900763358778625 0.32958984375 0.06787109375 36 -0.6793893129770993 -0.3282442748091603 END
START 0.04580152671755725 0.29931640625 0.046630859375 37 0.8778625954198473 -0.9312977099236641 END
START -0.10687022900763359 0.300048828125 0.0927734375 38 1.3129770992366412 -0.5801526717557252 END
START 0.1297709923664122 0.31640625 0.1064453125 39 1.213740458015267 -0.9541984732824428 END
START 0.37404580152671757 0.333740234375 0.0830078125 40 0.9007633587786259 -1.083969465648855 END
START 0.4580152671755725 0.343017578125 0.080078125 41 0.7862595419847328 -1.3053435114503817 END
START 0.32061068702290074 0.343017578125 0.092529296875 42 0.1450381679389313 -0.6564885496183206 END
START 0.06870229007633588 0.340576171875 0.1044921875 43 -0.1297709923664122 -0.7480916030534351 END
START -0.11450381679389313 0.34033203125 0.09228515625 44 -0.40458015267175573 -0.15267175572519084 END
START 0.17557251908396945 0.364013671875 0.06396484375 45 -1.8854961832061068 -0.33587786259541985 END
START 0.13740458015267176 0.379638671875 0.073974609375 46 0.7251908396946565 0.2824427480916031 END
START 1.916030534351145 0.35009765625 0.09326171875 47 0.6335877862595419 0.4198473282442748 END
START 0.183206106870229 0.3369140625 0.094970703125 48 0.35877862595419846 -0.26717557251908397 END
START 0.3816793893129771 0.328125 0.086669921875 49 0.6793893129770993 -0.6946564885496184 END
START 0.45038167938931295 0.320068359375 0.107666015625 50 0.20610687022900764 -0.5267175572519084 END
START 0.7480916030534351 0.338623046875 0.10205078125 51 0.0 -0.8015267175572519 END
START 0.732824427480916 0.336181640625 0.0869140625 52 -0.061068702290076333 -0.3511450381679389 END
START 0.7862595419847328 0.343994140625 0.08447265625 53 -1.9389312977099236 -0.4580152671755725 END
START 0.3969465648854962 0.348388671875 0.086181640625 54 -0.13740458015267176 0.1450381679389313 END
START -0.22137404580152673 0.337158203125 0.0849609375 55 -1.9541984732824427 0.3435114503816794 END
START -0.2748091603053435 0.33984375 0.071533203125 56 0.37404580152671757 0.2366412213740458 END
START -0.40458015267175573 0.345947265625 0.08056640625 57 0.48091603053435117 0.29770992366412213 END
START -0.4351145038167939 0.33251953125 0.094970703125 58 0.05343511450381679 0.3893129770992366 END
START -0.12213740458015267 0.35888671875 0.086181640625 59 0.32061068702290074 0.12213740458015267 END
START 0.0 0.342041015625 0.097900390625 60 -0.10687022900763359 0.5038167938931297 END
START 0.05343511450381679 0.333740234375 0.0927734375 61 0.0 0.37404580152671757 END
START 0.10687022900763359 0.3388671875 0.0947265625 62 0.007633587786259542 0.44274809160305345 END
START 1.9389312977099236 0.3291015625 0.08349609375 63 0.3282442748091603 0.6259541984732825 END
START -0.07633587786259542 0.357421875 0.078369140625 64 0.16030534351145037 0.6030534351145038 END
START -0.3511450381679389 0.3349609375 0.09228515625 65 0.2900763358778626 0.5572519083969466 END
START -0.4198473282442748 0.352783203125 0.08447265625 66 0.4351145038167939 0.4198473282442748 END
START -0.3511450381679389 0.3515625 0.08837890625 67 0.4122137404580153 0.5114503816793893 END
START 0.21374045801526717 0.345458984375 0.087158203125 68 0.46564885496183206 0.06870229007633588 END
START 0.5877862595419847 0.332763671875 0.083984375 69 -0.08396946564885496 -0.6870229007633588 END
START 0.7099236641221374 0.340087890625 0.097900390625 70 -0.3435114503816794 -0.2900763358778626 END
START 0.6106870229007634 0.344970703125 0.101806640625 71 -0.6183206106870229 -0.42748091603053434 END
START 0.35877862595419846 0.33837890625 0.090087890625 72 -0.5419847328244275 -0.16030534351145037 END
START 0.1984732824427481 0.330810546875 0.09033203125 73 -0.3893129770992366 -0.4198473282442748 END
START 0.10687022900763359 0.34765625 0.089599609375 74 -0.13740458015267176 -0.03816793893129771 END
START -0.05343511450381679 0.347900390625 0.093505859375 75 -0.0916030534351145 0.1297709923664122 END
START -0.06870229007633588 0.35107421875 0.0908203125 76 -0.022900763358778626 0.3053435114503817 END
START -0.1297709923664122 0.343994140625 0.0927734375 77 0.1297709923664122 0.24427480916030533 END
START 0.08396946564885496 0.3291015625 0.096923828125 78 -0.16793893129770993 1.916030534351145 END
START 0.21374045801526717 0.3388671875 0.08251953125 79 -0.6030534351145038 -0.06870229007633588 END
START 0.3969465648854962 0.338134765625 0.090576171875 80 -0.6030534351145038 -0.26717557251908397 END
START 0.1450381679389313 0.33544921875 0.106689453125 81 -0.40458015267175573 -0.40458015267175573 END
START 0.19083969465648856 0.33642578125 0.088623046875 82 0.10687022900763359 -0.5114503816793893 END