START -1.4045801526717556 0.363525390625 0.185302734375 2 -4.8396946564885495 0.9770992366412213 END
START -3.0610687022900764 0.39990234375 0.158935546875 3 -5.854961832061068 4.297709923664122 END
START -5.236641221374046 0.51318359375 0.2158203125 4 -8.610687022900763 10.312977099236642 END
START -8.099236641221374 0.58837890625 0.202880859375 5 -14.80916030534351 23.18320610687023 END
START -5.679389312977099 0.467041015625 0.0673828125 6 -14.938931297709924 21.38167938931298 END
START 1.381679389312977 0.330322265625 0.093994140625 7 -7.213740458015267 14.442748091603054 END
START 1.6412213740458015 0.20703125 0.056396484375 8 -6.961832061068702 5.00763358778626 END
START 0.3282442748091603 0.191162109375 0.139404296875 9 -7.549618320610687 9.068702290076336 END
START -0.7786259541984732 0.236572265625 0.08251953125 10 -6.343511450381679 6.9541984732824424 END
START -1.8244274809160306 0.31591796875 0.09912109375 11 -8.221374045801527 11.48091603053435 END
START -1.618320610687023 0.3212890625 0.035400390625 12 -9.702290076335878 12.206106870229007 END
START -2.381679389312977 0.26904296875 0.04345703125 13 -8.229007633587786 12.625954198473282 END
START -0.22137404580152673 0.2802734375 -0.056640625 14 -9.549618320610687 6.931297709923665 END
START -0.5725190839694656 0.185546875 -0.094970703125 15 -4.091603053435114 1.9923664122137406 END
START -2.2595419847328246 0.1826171875 -0.040771484375 16 -4.152671755725191 5.580152671755725 END
START -1.6488549618320612 0.187744140625 -0.10107421875 17 -2.5267175572519083 5.854961832061068 END
START -1.2748091603053435 0.195556640625 -0.105224609375 18 0.1984732824427481 3.0381679389312977 END
START -0.7251908396946565 0.187255859375 -0.06689453125 19 0.0 3.8396946564885495 END
START 0.19083969465648856 0.16650390625 -0.092529296875 20 3.6564885496183206 1.8854961832061068 END
START -0.16793893129770993 0.131103515625 0.01123046875 21 3.984732824427481 -2.381679389312977 END
START 2.8625954198473282 0.199462890625 -0.075927734375 22 9.068702290076336 -6.412213740458015 END
START 3.1374045801526718 0.220703125 -0.017578125 23 10.419847328244275 -9.664122137404581 END
START 4.7251908396946565 0.220947265625 -0.00537109375 24 12.610687022900763 -10.083969465648854 END
START 6.8320610687022905 0.29150390625 0.041748046875 25 14.702290076335878 -14.526717557251908 END
START 4.297709923664122 0.27587890625 0.233642578125 26 12.900763358778626 -13.694656488549619 END
START 3.6259541984732824 0.29443359375 0.2275390625 27 9.80916030534351 -11.114503816793894 END
START 2.1297709923664123 0.329345703125 0.226806640625 28 6.99236641221374 -11.49618320610687 END
START 2.564885496183206 0.359375 0.141357421875 29 4.358778625954199 -6.145038167938932 END
START 3.3587786259541983 0.3740234375 0.08203125 30 4.541984732824427 -6.564885496183206 END
START 4.969465648854962 0.355224609375 0.07763671875 31 4.511450381679389 -9.381679389312977 END
START 4.3893129770992365 0.297119140625 0.118896484375 32 3.0916030534351147 -4.1603053435114505 END
START 3.0229007633587788 0.2763671875 0.10546875 33 6.748091603053435 -10.16793893129771 END
START 0.48854961832061067 0.223876953125 0.29052734375 34 -0.22137404580152673 -4.396946564885496 END
START 1.5038167938931297 0.358154296875 0.084716796875 35 -0.08396946564885496 -6.473282442748092 END
START 1.5419847328244274 0.355712890625 0.136962890625 36 -2.648854961832061 -4.8396946564885495 END
START 1.251908396946565 0.380615234375 0.072265625 37 -2.33587786259542 -1.2595419847328244 END
START 0.816793893129771 0.359130859375 0.054443359375 38 -2.1908396946564888 -0.46564885496183206 END
START 0.5114503816793893 0.322998046875 0.00830078125 39 -1.0687022900763359 -0.16793893129770993 END
START 0.3969465648854962 0.302734375 -0.00634765625 40 -0.24427480916030533 -1.0229007633587786 END
START -0.44274809160305345 0.2763671875 0.010498046875 41 1.1450381679389312 -1.3511450381679388 END
START -0.9694656488549618 0.291748046875 0.075439453125 42 1.4198473282442747 -0.7938931297709924 END
START -1.183206106870229 0.318603515625 0.064453125 43 1.183206106870229 0.15267175572519084 END
START -0.8549618320610687 0.33740234375 0.089111328125 44 0.8396946564885496 0.5190839694656488 END
START -0.7480916030534351 0.331787109375 0.091796875 45 0.48091603053435117 1.4351145038167938 END
START -0.13740458015267176 0.33203125 0.076416015625 46 0.8702290076335878 0.6335877862595419 END
START 0.22900763358778625 0.313720703125 0.088134765625 47 0.29770992366412213 1.8625954198473282 END
START 0.48854961832061067 0.32275390625 0.086669921875 48 0.31297709923664124 -1.1297709923664123 END
START 0.7633587786259542 0.327392578125 0.086181640625 49 -0.022900763358778626 -1.1526717557251909 END
START 0.7175572519083969 0.323486328125 0.09228515625 50 0.10687022900763359 -1.7251908396946565 END
START 0.6717557251908397 0.343505859375 0.098876953125 51 -0.21374045801526717 -1.4274809160305344 END
START 0.6870229007633588 0.33642578125 0.08984375 52 -0.26717557251908397 -1.0229007633587786 END
START 0.3893129770992366 0.33203125 0.090576171875 53 0.31297709923664124 -0.22137404580152673 END
START 0.2900763358778626 0.32861328125 0.1005859375 54 0.5877862595419847 0.3511450381679389 END
START 0.022900763358778626 0.32470703125 0.089599609375 55 0.22900763358778625 0.5038167938931297 END
START 0.20610687022900764 0.330078125 0.07421875 56 0.3435114503816794 0.19083969465648856 END
START 0.06870229007633588 0.338134765625 0.076416015625 57 0.17557251908396945 0.4732824427480916 END
START -0.19083969465648856 0.3134765625 0.072265625 58 0.04580152671755725 0.06870229007633588 END
START -0.2748091603053435 0.29931640625 0.092529296875 59 -0.15267175572519084 -1.2595419847328244 END
START -0.22900763358778625 0.318359375 0.063720703125 60 0.007633587786259542 -1.16793893129771 END
START -0.24427480916030533 0.32470703125 0.08740234375 61 -0.5725190839694656 -0.9389312977099237 END
START -0.10687022900763359 0.3349609375 0.080322265625 62 -0.8854961832061069 -1.1297709923664123 END
START 0.3435114503816794 0.35107421875 0.0693359375 63 -0.8854961832061069 -0.8854961832061069 END
START 0.3969465648854962 0.34423828125 0.09130859375 64 -0.549618320610687 -0.10687022900763359 END
START 0.6641221374045801 0.336669921875 0.0791015625 65 -0.5038167938931297 -0.2748091603053435 END
START 0.5725190839694656 0.354248046875 0.07763671875 66 0.24427480916030533 -1.8931297709923665 END
START 0.20610687022900764 0.33154296875 0.109130859375 67 0.10687022900763359 0.6870229007633588 END
START 0.1297709923664122 0.33251953125 0.0703125 68 0.5190839694656488 0.1984732824427481 END
START 0.015267175572519083 0.3349609375 0.082275390625 69 0.45038167938931295 0.16030534351145037 END
START -0.22900763358778625 0.3203125 0.107177734375 70 0.015267175572519083 -0.04580152671755725 END
START 0.05343511450381679 0.330322265625 0.08447265625 71 -0.2366412213740458 -0.06870229007633588 END
START -0.08396946564885496 0.33837890625 0.087158203125 72 -0.32061068702290074 -0.3053435114503817 END
START -0.11450381679389313 0.32958984375 0.081298828125 73 -0.46564885496183206 -0.09923664122137404 END
START 0.2748091603053435 0.34912109375 0.071533203125 74 -0.5343511450381679 1.916030534351145 END
START 0.5190839694656488 0.349609375 0.049560546875 75 -0.3435114503816794 -1.9389312977099236 END
START 0.31297709923664124 0.332763671875 0.091552734375 76 -0.2595419847328244 0.7862595419847328 END
START 0.3893129770992366 0.330322265625 0.06005859375 77 0.16030534351145037 0.40458015267175573 END
START 0.1450381679389313 0.31640625 0.073486328125 78 0.4122137404580153 0.3893129770992366 END
START 0.17557251908396945 0.32421875 0.073974609375 79 0.22137404580152673 0.29770992366412213 END
START 0.10687022900763359 0.327392578125 0.092041015625 80 0.16030534351145037 0.2595419847328244 END
START 0.04580152671755725 0.342041015625 0.062744140625 81 0.32061068702290074 0.29770992366412213 END
START 0.04580152671755725 0.3291015625 0.080322265625 82 0.33587786259541985 0.2366412213740458 END
START 0.04580152671755725 0.328369140625 0.083740234375 83 0.366412213740458 0.0 END
START -0.07633587786259542 0.329345703125 0.087158203125 84 0.20610687022900764 0.15267175572519084 END
START 0.25190839694656486 0.33447265625 0.088134765625 85 -0.04580152671755725 -0.1297709923664122 END