START -0.7251908396946565 0.686767578125 0.238037109375 2 -13.251908396946565 25.099236641221374 END
START -2.5343511450381677 0.568603515625 0.2236328125 3 -18.85496183206107 30.137404580152673 END
START 2.564885496183206 0.439453125 0.00244140625 4 -21.259541984732824 24.442748091603054 END
START 2.2977099236641223 0.255126953125 0.027099609375 5 -16.870229007633586 17.53435114503817 END
START 0.7404580152671756 0.070068359375 0.06005859375 6 -12.259541984732824 18.862595419847327 END
START 0.2824427480916031 0.038330078125 0.045654296875 7 -11.717557251908397 13.923664122137405 END
START -0.37404580152671757 0.1318359375 -0.016845703125 8 -6.541984732824427 15.877862595419847 END
START -0.8549618320610687 0.097900390625 -0.010986328125 9 -5.8320610687022905 13.32824427480916 END
START -0.9847328244274809 0.103515625 -0.03466796875 10 -1.297709923664122 8.01526717557252 END
START 1.7938931297709924 0.10986328125 -0.09912109375 11 2.4427480916030535 3.9236641221374047 END
START -1.9389312977099236 0.1650390625 -0.056640625 12 1.0 0.6183206106870229 END
START 0.48854961832061067 0.177978515625 -0.1318359375 13 3.0 -1.8778625954198473 END
START 1.2442748091603053 0.072998046875 -0.0908203125 14 4.251908396946565 -7.33587786259542 END
START 1.9312977099236641 0.111572265625 -0.12646484375 15 6.641221374045801 -11.526717557251908 END
START 1.9923664122137406 0.102294921875 -0.07958984375 16 9.221374045801527 -14.641221374045802 END
START 0.07633587786259542 0.072998046875 -0.008056640625 17 11.122137404580153 -16.870229007633586 END
START -0.3511450381679389 0.035400390625 -0.01416015625 18 13.755725190839694 -22.374045801526716 END
START -1.5419847328244274 0.05908203125 0.06689453125 19 16.66412213740458 -25.38167938931298 END
START 0.37404580152671757 0.40087890625 0.052001953125 20 17.61832061068702 -26.358778625954198 END
START -1.015267175572519 0.61328125 0.247802734375 21 10.038167938931299 -16.435114503816795 END
START 1.4122137404580153 0.693115234375 0.171875 22 9.511450381679388 -13.641221374045802 END
START 3.4885496183206106 0.7509765625 0.10595703125 23 5.198473282442748 -4.221374045801527 END
START 4.854961832061068 0.53271484375 0.142578125 24 3.6946564885496183 -4.137404580152672 END
START 2.1297709923664123 0.381591796875 0.247802734375 25 1.0305343511450382 -3.5343511450381677 END
START 1.0687022900763359 0.2509765625 0.25048828125 26 -2.66412213740458 0.1297709923664122 END
START 1.251908396946565 0.2509765625 0.1328125 27 -2.9389312977099236 -1.2366412213740459 END
START 1.1374045801526718 0.270263671875 0.082763671875 28 -2.7786259541984735 -0.8015267175572519 END
START 1.297709923664122 0.2646484375 0.04345703125 29 -1.5801526717557253 -3.3206106870229006 END
START 0.5877862595419847 0.26123046875 0.03857421875 30 -0.15267175572519084 -3.595419847328244 END
START 0.6183206106870229 0.3017578125 0.01708984375 31 0.9847328244274809 -4.625954198473282 END
START 0.08396946564885496 0.361083984375 0.03173828125 32 1.6641221374045803 -2.7251908396946565 END
START -0.9083969465648855 0.3837890625 0.07177734375 33 0.8549618320610687 -0.5267175572519084 END
START -1.1908396946564885 0.376708984375 0.08984375 34 0.19083969465648856 0.7251908396946565 END
START -0.5114503816793893 0.356201171875 0.060791015625 35 -0.4122137404580153 0.5114503816793893 END
START -0.4732824427480916 0.303955078125 0.064453125 36 -0.25190839694656486 -0.549618320610687 END
START -0.9847328244274809 0.237548828125 0.066162109375 37 0.37404580152671757 -2.2977099236641223 END
START -1.465648854961832 0.230224609375 0.067626953125 38 1.1755725190839694 -3.763358778625954 END
START -0.7938931297709924 0.283935546875 0.047119140625 39 0.08396946564885496 -4.687022900763359 END
START -0.5267175572519084 0.382080078125 0.070556640625 40 2.8473282442748094 -5.595419847328245 END
START -0.4122137404580153 0.438232421875 0.112548828125 41 1.450381679389313 -0.45038167938931295 END
START -0.7480916030534351 0.45361328125 0.130859375 42 0.3816793893129771 0.06870229007633588 END
START -0.22900763358778625 0.417724609375 0.102783203125 43 -0.7862595419847328 3.2442748091603053 END
START 0.24427480916030533 0.3662109375 0.090576171875 44 -1.4732824427480915 2.053435114503817 END
START 0.0 0.301025390625 0.093505859375 45 -1.7557251908396947 0.6946564885496184 END
START -0.1984732824427481 0.251708984375 0.0712890625 46 -1.1297709923664123 -0.8549618320610687 END
START -0.4580152671755725 0.272705078125 0.06201171875 47 -0.3435114503816794 -1.7786259541984732 END
START 0.19083969465648856 0.32568359375 0.052978515625 48 0.3435114503816794 -2.5267175572519083 END
START 0.7557251908396947 0.395751953125 0.0244140625 49 1.4274809160305344 -1.6412213740458015 END
START 0.3511450381679389 0.38623046875 0.08740234375 50 0.7786259541984732 -0.09923664122137404 END
START 0.20610687022900764 0.3837890625 0.10009765625 51 0.4122137404580153 0.7862595419847328 END
START 0.08396946564885496 0.359375 0.10498046875 52 -0.4198473282442748 2.099236641221374 END
START 0.3816793893129771 0.349609375 0.085693359375 53 -0.5343511450381679 1.748091603053435 END
START 0.061068702290076333 0.3134765625 0.095703125 54 -0.6564885496183206 1.0229007633587786 END
START 0.25190839694656486 0.309814453125 0.064453125 55 -0.25190839694656486 -0.26717557251908397 END
START -0.35877862595419846 0.291748046875 0.087890625 56 0.21374045801526717 -0.5267175572519084 END
START -0.6641221374045801 0.308349609375 0.078125 57 0.5801526717557252 -0.7022900763358778 END
START -0.22900763358778625 0.352294921875 0.063720703125 58 0.4580152671755725 -0.6183206106870229 END
START -0.5419847328244275 0.3798828125 0.08349609375 59 0.13740458015267176 0.9618320610687023 END
START -0.09923664122137404 0.3701171875 0.084228515625 60 -0.3816793893129771 0.8473282442748091 END
START -0.09923664122137404 0.353759765625 0.1064453125 61 -1.083969465648855 0.9389312977099237 END
START 0.648854961832061 0.3505859375 0.05078125 62 -0.3282442748091603 -0.22137404580152673 END
START 0.3282442748091603 0.32373046875 0.0810546875 63 -0.2366412213740458 -0.2900763358778626 END
START -0.3816793893129771 0.30126953125 0.093994140625 64 0.25190839694656486 -0.33587786259541985 END
START -0.13740458015267176 0.323486328125 0.067138671875 65 0.5648854961832062 -1.1984732824427482 END
START -0.4122137404580153 0.340576171875 0.087158203125 66 0.8396946564885496 -0.6793893129770993 END
START -0.5114503816793893 0.36767578125 0.08203125 67 0.6564885496183206 0.4961832061068702 END
START -0.2824427480916031 0.380859375 0.093994140625 68 0.29770992366412213 1.1221374045801527 END
START -0.030534351145038167 0.361328125 0.082763671875 69 -0.030534351145038167 1.366412213740458 END
START -0.12213740458015267 0.34375 0.08203125 70 0.022900763358778626 1.213740458015267 END
START 0.22900763358778625 0.3349609375 0.077880859375 71 0.22137404580152673 0.5648854961832062 END
START 0.5954198473282443 0.32861328125 0.067626953125 72 -0.08396946564885496 -0.6412213740458015 END
START 0.7251908396946565 0.333251953125 0.069091796875 73 0.13740458015267176 -1.1068702290076335 END
START 0.5343511450381679 0.330810546875 0.10791015625 74 -0.015267175572519083 -1.1984732824427482 END
START 0.3282442748091603 0.346435546875 0.101318359375 75 0.007633587786259542 -0.8244274809160306 END
START 0.0 0.36181640625 0.111328125 76 -0.5190839694656488 1.1145038167938932 END
START 0.2900763358778626 0.366943359375 0.096923828125 77 -0.5954198473282443 1.0305343511450382 END
START 0.3053435114503817 0.3525390625 0.086669921875 78 -0.7251908396946565 1.3206106870229009 END
START 0.0916030534351145 0.336669921875 0.080322265625 79 -0.46564885496183206 0.9389312977099237 END
START -0.030534351145038167 0.316162109375 0.07080078125 80 -0.15267175572519084 0.6564885496183206 END
START 0.1984732824427481 0.32470703125 0.06640625 81 -0.09923664122137404 1.8396946564885497 END
START 0.20610687022900764 0.327392578125 0.07763671875 82 0.12213740458015267 -0.5801526717557252 END
START 0.17557251908396945 0.327880859375 0.076904296875 83 0.0 -0.9007633587786259 END
START 0.1297709923664122 0.33544921875 0.10009765625 84 -0.4580152671755725 -0.7709923664122137 END
START 0.0 0.350341796875 0.08154296875 85 -0.5954198473282443 -0.5267175572519084 END
START -0.11450381679389313 0.359130859375 0.090576171875 86 -0.8549618320610687 0.3893129770992366 END
START -0.2595419847328244 0.346435546875 0.0908203125 87 -0.8702290076335878 0.9770992366412213 END
START -0.1450381679389313 0.328125 0.073486328125 88 -0.5801526717557252 0.9465648854961832 END
START 0.31297709923664124 0.34033203125 0.054443359375 89 -0.08396946564885496 0.13740458015267176 END