START -3.687022900763359 0.4990234375 0.12890625 2 -7.427480916030534 15.427480916030534 END
START -3.183206106870229 0.47509765625 0.22607421875 3 -11.274809160305344 19.641221374045802 END
START -1.5038167938931297 0.50439453125 0.1240234375 4 -13.15267175572519 21.458015267175572 END
START -1.549618320610687 0.511474609375 0.1552734375 5 -15.32824427480916 22.549618320610687 END
START -1.9770992366412214 0.425537109375 0.180908203125 6 -18.52671755725191 27.267175572519083 END
START -0.7938931297709924 0.31396484375 0.070556640625 7 -16.129770992366414 20.770992366412212 END
START -1.2366412213740459 0.19677734375 0.026611328125 8 -13.427480916030534 18.633587786259543 END
START -0.8015267175572519 0.1103515625 -0.042236328125 9 -11.534351145038167 14.83969465648855 END
START -0.6259541984732825 0.03515625 -0.073486328125 10 -7.717557251908397 9.687022900763358 END
START -1.1374045801526718 0.06787109375 -0.06103515625 11 -4.32824427480916 6.320610687022901 END
START -0.9465648854961832 0.078857421875 -0.051025390625 12 -2.4885496183206106 3.366412213740458 END
START 0.6717557251908397 0.15771484375 -0.10595703125 13 -0.10687022900763359 1.8931297709923665 END
START 1.3969465648854962 0.190673828125 -0.115478515625 14 1.2900763358778626 -2.381679389312977 END
START 2.6259541984732824 0.139404296875 -0.096923828125 15 2.816793893129771 -6.374045801526718 END
START 1.7251908396946565 0.106201171875 -0.0751953125 16 5.175572519083969 -10.717557251908397 END
START 1.0381679389312977 0.051513671875 -0.052734375 17 7.076335877862595 -14.099236641221374 END
START -0.9389312977099237 0.010986328125 -0.001220703125 18 9.129770992366412 -18.870229007633586 END
START 0.37404580152671757 -0.025634765625 -0.040283203125 19 13.251908396946565 -25.229007633587788 END
START 0.061068702290076333 0.010009765625 -0.00048828125 20 17.900763358778626 -33.52671755725191 END
START -0.05343511450381679 0.13818359375 0.0634765625 21 19.366412213740457 -37.00763358778626 END
START 1.2290076335877862 0.563720703125 0.098388671875 22 21.9618320610687 -35.35114503816794 END
START -0.0916030534351145 0.98876953125 0.281494140625 23 17.404580152671755 -18.81679389312977 END
START -1.8702290076335877 1.22216796875 0.383544921875 24 7.404580152671755 6.877862595419847 END
START -0.06870229007633588 0.920654296875 0.3134765625 25 -2.687022900763359 16.053435114503817 END
START 3.198473282442748 0.5107421875 0.136962890625 26 -4.595419847328245 7.931297709923665 END
START 3.50381679389313 0.188720703125 0.12109375 27 -5.251908396946565 2.7709923664122136 END
START 3.3206106870229006 0.05712890625 0.08984375 28 -3.9389312977099236 -0.22900763358778625 END
START 2.1908396946564888 0.058349609375 0.0654296875 29 -2.2748091603053435 -4.67175572519084 END
START 0.03816793893129771 0.078369140625 0.082763671875 30 -0.09923664122137404 -7.1603053435114505 END
START -1.3206106870229009 0.20068359375 0.07177734375 31 1.2213740458015268 -9.709923664122137 END
START -1.6870229007633588 0.3798828125 0.07763671875 32 1.366412213740458 -3.931297709923664 END
START -1.0 0.568115234375 0.03662109375 33 0.5343511450381679 1.83206106870229 END
START 0.3893129770992366 0.650146484375 0.035888671875 34 -1.099236641221374 7.740458015267175 END
START 1.366412213740458 0.546630859375 0.068603515625 35 -3.198473282442748 9.251908396946565 END
START 2.7557251908396947 0.392822265625 0.026611328125 36 -3.5419847328244276 5.1679389312977095 END
START 3.183206106870229 0.244384765625 0.000732421875 37 -2.954198473282443 1.6564885496183206 END
START 3.8473282442748094 0.165771484375 0.061279296875 38 -1.6259541984732824 -1.3129770992366412 END
START 0.22900763358778625 0.12548828125 0.071533203125 39 0.6870229007633588 -1.4045801526717556 END
START -1.6030534351145038 0.162841796875 0.104248046875 40 1.6488549618320612 -2.435114503816794 END
START -1.6793893129770991 0.248046875 0.065673828125 41 2.717557251908397 -3.312977099236641 END
START -1.3893129770992367 0.32275390625 0.072998046875 42 2.854961832061069 -3.2595419847328246 END
START -1.1068702290076335 0.3779296875 0.0888671875 43 2.6259541984732824 -3.8702290076335877 END
START -1.366412213740458 0.42041015625 0.1142578125 44 1.213740458015267 0.916030534351145 END
START -0.44274809160305345 0.423583984375 0.08251953125 45 0.44274809160305345 1.282442748091603 END
START 0.7709923664122137 0.418212890625 0.059814453125 46 -0.13740458015267176 1.282442748091603 END
START 1.282442748091603 0.3681640625 0.083984375 47 -0.8549618320610687 0.3893129770992366 END
START 0.7633587786259542 0.303466796875 0.1083984375 48 -1.0229007633587786 -0.061068702290076333 END
START 0.1450381679389313 0.273681640625 0.10693359375 49 -0.183206106870229 -0.9007633587786259 END
START -0.5954198473282443 0.294921875 0.0947265625 50 0.24427480916030533 -0.816793893129771 END
START -0.4580152671755725 0.298583984375 0.065673828125 51 0.5190839694656488 -1.015267175572519 END
START -0.5801526717557252 0.314697265625 0.0703125 52 0.7938931297709924 -0.9083969465648855 END
START -0.8091603053435115 0.374267578125 0.0751953125 53 1.1603053435114503 0.9083969465648855 END
START -1.16793893129771 0.400390625 0.08837890625 54 0.816793893129771 2.7786259541984735 END
START -0.9007633587786259 0.385009765625 0.072509765625 55 0.16793893129770993 3.0763358778625953 END
START 0.11450381679389313 0.35791015625 0.046875 56 -0.10687022900763359 2.068702290076336 END
START 1.3893129770992367 0.356201171875 0.01904296875 57 0.6412213740458015 -0.16030534351145037 END
START 0.7557251908396947 0.286865234375 0.08544921875 58 0.061068702290076333 -0.5725190839694656 END
START 0.5267175572519084 0.29931640625 0.0634765625 59 0.5648854961832062 -1.3435114503816794 END
START 0.022900763358778626 0.30908203125 0.1005859375 60 0.22900763358778625 -1.183206106870229 END
START -0.183206106870229 0.31982421875 0.097900390625 61 0.7557251908396947 -0.45038167938931295 END
START -0.007633587786259542 0.337890625 0.10693359375 62 0.2748091603053435 0.22900763358778625 END
START 0.07633587786259542 0.364501953125 0.08544921875 63 0.5801526717557252 0.06870229007633588 END
START 0.06870229007633588 0.3671875 0.098388671875 64 0.06870229007633588 1.1221374045801527 END
START 0.22137404580152673 0.357177734375 0.08935546875 65 -0.26717557251908397 1.183206106870229 END
START 0.6412213740458015 0.335693359375 0.082275390625 66 -0.48091603053435117 0.4961832061068702 END
START 0.48854961832061067 0.318359375 0.08837890625 67 -0.4122137404580153 -0.29770992366412213 END
START 0.08396946564885496 0.318115234375 0.0927734375 68 -0.33587786259541985 -0.7633587786259542 END
START -0.19083969465648856 0.311767578125 0.073486328125 69 -1.9541984732824427 -1.3282442748091603 END
START -0.5419847328244275 0.325927734375 0.07080078125 70 0.16793893129770993 -0.8549618320610687 END
START -0.5572519083969466 0.31591796875 0.0693359375 71 0.35877862595419846 -0.816793893129771 END
START -0.4580152671755725 0.34619140625 0.08056640625 72 0.7099236641221374 -0.19083969465648856 END
START -0.6564885496183206 0.35498046875 0.103759765625 73 0.2595419847328244 1.2900763358778626 END
START -0.22137404580152673 0.3701171875 0.091552734375 74 0.09923664122137404 1.1984732824427482 END
START 0.7938931297709924 0.37109375 0.06689453125 75 -0.06870229007633588 1.0687022900763359 END
START 1.2366412213740459 0.357177734375 0.082275390625 76 -0.35877862595419846 0.2366412213740458 END
START 1.3206106870229009 0.3388671875 0.066162109375 77 0.25190839694656486 -0.2595419847328244 END
START 1.1374045801526718 0.310302734375 0.0830078125 78 -1.9236641221374047 -0.7022900763358778 END
START 0.2824427480916031 0.298095703125 0.105224609375 79 0.25190839694656486 -0.48854961832061067 END
START 0.22900763358778625 0.309326171875 0.088134765625 80 0.183206106870229 -0.5190839694656488 END
START -0.1450381679389313 0.3154296875 0.0908203125 81 0.37404580152671757 -0.16030534351145037 END
START 0.030534351145038167 0.35400390625 0.08154296875 82 0.2748091603053435 0.42748091603053434 END
START -0.19083969465648856 0.3642578125 0.101318359375 83 -0.04580152671755725 1.4122137404580153 END
START -0.10687022900763359 0.350341796875 0.085205078125 84 -0.3282442748091603 1.083969465648855 END
START 0.5572519083969466 0.3466796875 0.065673828125 85 -0.2900763358778626 0.11450381679389313 END
START 0.3511450381679389 0.333740234375 0.08544921875 86 1.8473282442748091 0.10687022900763359 END
START 0.1297709923664122 0.301025390625 0.081787109375 87 0.13740458015267176 -0.3969465648854962 END
START -0.05343511450381679 0.32763671875 0.0849609375 88 0.1297709923664122 -0.2366412213740458 END
START 0.04580152671755725 0.31298828125 0.087646484375 89 0.022900763358778626 -0.45038167938931295 END
START 0.17557251908396945 0.336181640625 0.080810546875 90 -0.030534351145038167 -0.007633587786259542 END
START 0.24427480916030533 0.330078125 0.08056640625 91 0.07633587786259542 -0.1297709923664122 END
START 0.12213740458015267 0.349365234375 0.087158203125 92 -0.16793893129770993 0.45038167938931295 END