START 4.297709923664122 0.362548828125 0.042236328125 2 2.099236641221374 0.8320610687022901 END
START 9.67175572519084 0.483642578125 -0.08544921875 3 6.221374045801527 1.3511450381679388 END
START 10.297709923664122 0.38720703125 0.012451171875 4 9.091603053435115 0.8015267175572519 END
START 14.351145038167939 0.450439453125 -0.12646484375 5 13.67175572519084 -1.0763358778625953 END
START 13.961832061068701 0.41943359375 0.007080078125 6 16.35114503816794 0.26717557251908397 END
START 15.580152671755725 0.345703125 0.0771484375 7 18.580152671755727 -4.351145038167939 END
START 13.84732824427481 0.318115234375 0.214111328125 8 17.206106870229007 -4.549618320610687 END
START 10.969465648854962 0.288818359375 0.30517578125 9 13.687022900763358 -6.320610687022901 END
START 3.5419847328244276 0.22265625 0.585205078125 10 7.587786259541985 -3.480916030534351 END
START 5.847328244274809 0.314697265625 0.2900390625 11 0.7099236641221374 -4.3816793893129775 END
START 2.2977099236641223 0.357666015625 0.307861328125 12 -3.8396946564885495 -9.442748091603054 END
START 0.7175572519083969 0.316650390625 0.248046875 13 -6.343511450381679 -7.305343511450381 END
START 0.20610687022900764 0.29296875 0.2197265625 14 -4.061068702290076 -8.213740458015268 END
START -1.1526717557251909 0.334228515625 0.222412109375 15 -6.66412213740458 -5.145038167938932 END
START -0.7251908396946565 0.379638671875 0.185302734375 16 -8.129770992366412 -3.519083969465649 END
START -1.5572519083969465 0.3466796875 0.145751953125 17 -8.374045801526718 -3.2900763358778624 END
START -4.900763358778626 0.240478515625 0.236083984375 18 -11.488549618320612 -0.5877862595419847 END
START -5.488549618320611 0.31005859375 0.13818359375 19 -12.282442748091603 -0.3435114503816794 END
START -6.816793893129771 0.336669921875 0.01904296875 20 -10.687022900763358 -0.19083969465648856 END
START -10.198473282442748 0.2392578125 0.115234375 21 -11.923664122137405 3.053435114503817 END
START -6.480916030534351 0.402587890625 -0.088623046875 22 -9.801526717557252 0.5572519083969466 END
START 2.7099236641221376 0.69287109375 -0.453125 23 -3.404580152671756 -3.6793893129770994 END
START 1.1221374045801527 0.473876953125 -0.0693359375 24 -4.763358778625954 0.5267175572519084 END
START 1.0381679389312977 0.38525390625 -0.05517578125 25 -5.793893129770993 -0.7022900763358778 END
START 1.366412213740458 0.399658203125 -0.065673828125 26 -2.6946564885496183 0.7633587786259542 END
START 0.6335877862595419 0.35400390625 -0.0224609375 27 -1.5954198473282444 -0.10687022900763359 END
START -0.9847328244274809 0.295654296875 0.00927734375 28 -0.05343511450381679 0.9694656488549618 END
START -1.9083969465648856 0.301513671875 0.017333984375 29 1.534351145038168 0.6564885496183206 END
START -2.3206106870229006 0.3154296875 0.0322265625 30 0.0 1.0687022900763359 END
START -1.1145038167938932 0.400634765625 -0.00341796875 31 2.931297709923664 0.6335877862595419 END
START -0.5877862595419847 0.44189453125 0.021240234375 32 2.5877862595419847 0.5267175572519084 END
START -0.7175572519083969 0.436767578125 0.07275390625 33 2.6717557251908395 0.3893129770992366 END
START -0.030534351145038167 0.4287109375 0.069091796875 34 2.6259541984732824 1.3435114503816794 END
START 0.09923664122137404 0.395751953125 0.1220703125 35 1.450381679389313 0.6717557251908397 END
START 0.48854961832061067 0.39111328125 0.111083984375 36 1.015267175572519 0.8473282442748091 END
START 0.916030534351145 0.384521484375 0.122314453125 37 0.6564885496183206 0.5114503816793893 END
START 0.6030534351145038 0.358154296875 0.10986328125 38 0.20610687022900764 0.16793893129770993 END
START -0.20610687022900764 0.32470703125 0.1416015625 39 -0.9312977099236641 0.916030534351145 END
START 0.3511450381679389 0.366943359375 0.070556640625 40 -0.5954198473282443 0.03816793893129771 END
START 0.35877862595419846 0.39111328125 0.054931640625 41 -0.07633587786259542 0.5801526717557252 END
START 0.2900763358778626 0.381103515625 0.05712890625 42 -0.25190839694656486 0.4198473282442748 END
START 0.7022900763358778 0.399658203125 0.041259765625 43 -0.29770992366412213 0.3435114503816794 END
START 0.7022900763358778 0.393310546875 0.018310546875 44 0.13740458015267176 -0.21374045801526717 END
START 0.45038167938931295 0.370849609375 0.0380859375 45 0.06870229007633588 -0.45038167938931295 END
START 0.2748091603053435 0.36181640625 0.042724609375 46 0.37404580152671757 -0.9007633587786259 END
START -0.22137404580152673 0.361328125 0.046875 47 0.40458015267175573 0.007633587786259542 END
START -0.3816793893129771 0.357177734375 0.076904296875 48 0.5267175572519084 0.366412213740458 END
START -0.7633587786259542 0.34765625 0.064453125 49 0.3893129770992366 0.6717557251908397 END
START -0.7404580152671756 0.36181640625 0.07470703125 50 0.44274809160305345 0.5648854961832062 END
START -0.4580152671755725 0.381591796875 0.073974609375 51 0.4580152671755725 0.6412213740458015 END
START 0.5267175572519084 0.4169921875 0.055419921875 52 0.4580152671755725 0.32061068702290074 END
START 0.5419847328244275 0.390869140625 0.07568359375 53 0.22137404580152673 0.15267175572519084 END
START 0.7862595419847328 0.384033203125 0.06689453125 54 -0.1450381679389313 0.015267175572519083 END
START 0.5801526717557252 0.376220703125 0.06689453125 55 -0.1450381679389313 -0.061068702290076333 END
START 0.20610687022900764 0.361083984375 0.076904296875 56 -0.44274809160305345 0.24427480916030533 END
START -0.183206106870229 0.365478515625 0.067138671875 57 -0.3053435114503817 0.3816793893129771 END
START -0.25190839694656486 0.355712890625 0.072509765625 58 -0.5725190839694656 0.3893129770992366 END
START -0.21374045801526717 0.360107421875 0.05810546875 59 -0.3435114503816794 0.35877862595419846 END
START -0.44274809160305345 0.367431640625 0.0703125 60 -0.1297709923664122 0.732824427480916 END
START 0.1450381679389313 0.375244140625 0.05908203125 61 -0.06870229007633588 0.6106870229007634 END
START 0.4198473282442748 0.3974609375 0.0537109375 62 -0.21374045801526717 0.46564885496183206 END
START 0.732824427480916 0.388916015625 0.036376953125 63 0.5877862595419847 0.22137404580152673 END
START 0.5954198473282443 0.37890625 0.0654296875 64 0.31297709923664124 0.4198473282442748 END
START 0.35877862595419846 0.365234375 0.0673828125 65 0.22137404580152673 0.3435114503816794 END
START 0.1297709923664122 0.3603515625 0.064453125 66 0.11450381679389313 0.19083969465648856 END
START -0.2366412213740458 0.3564453125 0.07763671875 67 0.13740458015267176 0.366412213740458 END
START -0.19083969465648856 0.364990234375 0.0712890625 68 0.16030534351145037 0.19083969465648856 END
START -0.22900763358778625 0.3720703125 0.085693359375 69 0.0916030534351145 0.3282442748091603 END
START -0.10687022900763359 0.362548828125 0.070068359375 70 1.9389312977099236 0.4122137404580153 END
START 0.030534351145038167 0.360595703125 0.066162109375 71 -1.9541984732824427 0.17557251908396945 END
START 0.09923664122137404 0.377197265625 0.057373046875 72 -1.9541984732824427 0.11450381679389313 END
START -0.15267175572519084 0.364990234375 0.063720703125 73 -0.09923664122137404 0.022900763358778626 END
START 0.20610687022900764 0.362060546875 0.05810546875 74 0.15267175572519084 -0.15267175572519084 END
START -0.0916030534351145 0.373291015625 0.077880859375 75 0.07633587786259542 0.26717557251908397 END
START -0.2366412213740458 0.36474609375 0.04931640625 76 0.45038167938931295 0.4961832061068702 END
START -0.1984732824427481 0.375244140625 0.068359375 77 0.2824427480916031 0.8244274809160306 END
START 0.4198473282442748 0.41015625 0.04345703125 78 0.549618320610687 0.4122137404580153 END
START 0.7099236641221374 0.401611328125 0.03564453125 79 0.6030534351145038 0.05343511450381679 END
START 0.8778625954198473 0.38427734375 0.05419921875 80 0.2900763358778626 -0.3969465648854962 END
START 0.7022900763358778 0.36572265625 0.077392578125 81 0.20610687022900764 -0.42748091603053434 END
START 0.2595419847328244 0.353271484375 0.084716796875 82 0.42748091603053434 -0.0916030534351145 END
START 0.2824427480916031 0.355712890625 0.080322265625 83 0.08396946564885496 -0.030534351145038167 END