START 7.0458015267175576 0.45751953125 -0.002197265625 2 4.297709923664122 -1.213740458015267 END
START 7.534351145038168 0.430419921875 0.03369140625 3 4.748091603053435 -0.35877862595419846 END
START 11.320610687022901 0.526611328125 -0.098876953125 4 9.13740458015267 -1.633587786259542 END
START 10.099236641221374 0.45458984375 0.052734375 5 11.351145038167939 0.549618320610687 END
START 10.48091603053435 0.4326171875 0.10400390625 6 4.801526717557252 6.221374045801527 END
START 8.679389312977099 0.3818359375 0.26123046875 7 2.969465648854962 9.770992366412214 END
START 3.9618320610687023 0.295654296875 0.35693359375 8 -4.847328244274809 8.618320610687023 END
START 2.351145038167939 0.239501953125 0.434814453125 9 -6.916030534351145 4.00763358778626 END
START 3.7786259541984735 0.41455078125 0.25146484375 10 -0.5343511450381679 -4.137404580152672 END
START 0.5725190839694656 0.334228515625 0.267578125 11 2.480916030534351 -9.763358778625955 END
START -1.0763358778625953 0.25830078125 0.2197265625 12 -1.4885496183206106 -7.343511450381679 END
START -1.5648854961832062 0.281494140625 0.14990234375 13 -1.0076335877862594 -7.786259541984733 END
START 0.8778625954198473 0.339599609375 -0.0439453125 14 4.564885496183206 -8.793893129770993 END
START 2.6030534351145036 0.436279296875 -0.002685546875 15 1.0458015267175573 -11.114503816793894 END
START -1.0 0.465087890625 0.1279296875 16 -6.083969465648855 9.358778625954198 END
START -0.12213740458015267 0.41552734375 -0.011962890625 17 -7.015267175572519 2.4732824427480917 END
START -1.7786259541984732 0.412109375 -0.042724609375 18 -8.366412213740459 5.366412213740458 END
START -1.5725190839694656 0.302490234375 -0.045654296875 19 -7.870229007633588 1.3129770992366412 END
START -2.618320610687023 0.339599609375 -0.094482421875 20 -6.67175572519084 2.1068702290076335 END
START -1.549618320610687 0.30712890625 -0.10595703125 21 -5.221374045801527 0.10687022900763359 END
START -1.8396946564885497 0.318115234375 -0.108154296875 22 -3.519083969465649 -0.6946564885496184 END
START -2.1755725190839694 0.277099609375 -0.01513671875 23 -3.3053435114503817 -1.9541984732824427 END
START -2.687022900763359 0.315185546875 -0.022216796875 24 -1.2595419847328244 -2.5267175572519083 END
START -5.038167938931298 0.299560546875 0.0634765625 25 -1.8396946564885497 -0.17557251908396945 END
START -5.076335877862595 0.364013671875 0.010009765625 26 -0.7786259541984732 1.8702290076335877 END
START -4.076335877862595 0.43017578125 -0.020263671875 27 0.1450381679389313 0.7099236641221374 END
START -3.16793893129771 0.442626953125 -0.004150390625 28 0.10687022900763359 3.8244274809160306 END
START -0.7633587786259542 0.480712890625 -0.090576171875 29 2.3053435114503817 0.732824427480916 END
START -0.6793893129770993 0.41064453125 0.0537109375 30 1.2061068702290076 2.099236641221374 END
START 0.5038167938931297 0.420654296875 0.0078125 31 1.786259541984733 1.1526717557251909 END
START 0.8702290076335878 0.3935546875 0.056884765625 32 1.251908396946565 0.9770992366412213 END
START 0.5877862595419847 0.374755859375 0.096435546875 33 0.2366412213740458 0.4580152671755725 END
START 0.5725190839694656 0.376953125 0.07861328125 34 -0.6335877862595419 1.3206106870229009 END
START 1.0534351145038168 0.38427734375 0.06591796875 35 -0.916030534351145 1.0229007633587786 END
START 1.297709923664122 0.400390625 0.039306640625 36 -1.0 1.0 END
START 1.0381679389312977 0.38818359375 0.060791015625 37 -0.7709923664122137 1.3740458015267176 END
START 1.5725190839694656 0.394775390625 0.0048828125 38 0.0916030534351145 0.9007633587786259 END
START 1.0381679389312977 0.37158203125 0.04248046875 39 -1.9465648854961832 0.31297709923664124 END
START 0.22900763358778625 0.3291015625 0.076904296875 40 -0.08396946564885496 0.29770992366412213 END
START -0.09923664122137404 0.349609375 0.055419921875 41 -0.007633587786259542 -0.16030534351145037 END
START -0.8549618320610687 0.359130859375 0.07275390625 42 0.11450381679389313 0.5038167938931297 END
START -1.282442748091603 0.369873046875 0.048828125 43 0.015267175572519083 1.381679389312977 END
START -1.0 0.384033203125 0.02783203125 44 0.3511450381679389 0.9083969465648855 END
START -0.8702290076335878 0.37451171875 0.020263671875 45 0.32061068702290074 1.0 END
START -0.5725190839694656 0.371337890625 0.040771484375 46 0.3969465648854962 0.26717557251908397 END
START 0.2900763358778626 0.393310546875 0.00830078125 47 0.9541984732824428 0.4961832061068702 END
START 0.732824427480916 0.380126953125 0.04931640625 48 0.48854961832061067 1.9465648854961832 END
START 0.8778625954198473 0.373046875 0.0595703125 49 0.08396946564885496 -0.0916030534351145 END
START 0.7862595419847328 0.3583984375 0.07275390625 50 -0.25190839694656486 -0.5725190839694656 END
START 0.4122137404580153 0.369140625 0.07080078125 51 -0.7938931297709924 -0.24427480916030533 END
START -0.09923664122137404 0.357666015625 0.047119140625 52 -1.2748091603053435 -0.030534351145038167 END
START -0.33587786259541985 0.36962890625 0.054931640625 53 -0.9465648854961832 0.3282442748091603 END
START -1.9083969465648856 0.382568359375 0.01611328125 54 -0.8015267175572519 0.24427480916030533 END
START -0.03816793893129771 0.386474609375 0.02294921875 55 -0.37404580152671757 0.33587786259541985 END
START -0.2366412213740458 0.3798828125 0.00146484375 56 0.1984732824427481 0.5190839694656488 END
START -0.030534351145038167 0.37109375 0.019287109375 57 0.1450381679389313 0.24427480916030533 END
START 0.15267175572519084 0.385986328125 0.016357421875 58 -0.08396946564885496 0.1297709923664122 END
START -0.31297709923664124 0.37255859375 0.04931640625 59 0.007633587786259542 0.15267175572519084 END
START -0.33587786259541985 0.357421875 0.057373046875 60 -0.3969465648854962 0.9465648854961832 END
START -0.26717557251908397 0.363525390625 0.053466796875 61 -0.3282442748091603 0.5419847328244275 END
START -0.29770992366412213 0.373046875 0.060546875 62 -0.5419847328244275 1.2061068702290076 END
START 0.37404580152671757 0.375732421875 0.032470703125 63 -0.366412213740458 0.6412213740458015 END
START 0.35877862595419846 0.384521484375 0.046142578125 64 -0.37404580152671757 0.7175572519083969 END
START 0.6793893129770993 0.379150390625 0.031494140625 65 0.061068702290076333 -0.3816793893129771 END
START 0.7557251908396947 0.3779296875 0.035400390625 66 0.29770992366412213 -0.2595419847328244 END
START 0.4351145038167939 0.3720703125 0.060546875 67 0.183206106870229 -1.9236641221374047 END
START 0.19083969465648856 0.36474609375 0.070556640625 68 -0.03816793893129771 0.061068702290076333 END
START -0.1297709923664122 0.367431640625 0.06787109375 69 -0.2824427480916031 0.5954198473282443 END
START -0.07633587786259542 0.366943359375 0.076904296875 70 -0.44274809160305345 0.5038167938931297 END
START 0.12213740458015267 0.373291015625 0.047607421875 71 -0.8244274809160306 0.9465648854961832 END
START 0.4351145038167939 0.38037109375 0.0244140625 72 -0.21374045801526717 0.07633587786259542 END