START 4.893129770992366 0.357177734375 0.058349609375 2 4.824427480916031 1.7938931297709924 END
START 4.694656488549619 0.403076171875 0.019287109375 3 5.885496183206107 -1.0916030534351144 END
START 5.5038167938931295 0.402587890625 0.0791015625 4 4.229007633587786 -1.1984732824427482 END
START 6.183206106870229 0.41796875 0.070556640625 5 5.122137404580153 -3.2595419847328246 END
START 5.8320610687022905 0.347900390625 0.1513671875 6 2.2061068702290076 -2.3740458015267176 END
START 5.244274809160306 0.27978515625 0.1611328125 7 2.633587786259542 -5.473282442748092 END
START 2.5877862595419847 0.259521484375 0.2451171875 8 2.7938931297709924 -4.236641221374046 END
START 2.404580152671756 0.250732421875 0.276123046875 9 1.4961832061068703 -3.9389312977099236 END
START 2.66412213740458 0.333740234375 0.25390625 10 -0.5419847328244275 -2.8473282442748094 END
START 1.16793893129771 0.298095703125 0.276611328125 11 -3.16793893129771 -1.3358778625954197 END
START -0.6641221374045801 0.2587890625 0.223876953125 12 -5.564885496183206 0.19083969465648856 END
START -1.015267175572519 0.247314453125 0.1123046875 13 -6.206106870229007 -1.0763358778625953 END
START -1.8091603053435115 0.306884765625 -0.0419921875 14 -3.33587786259542 -2.0076335877862594 END
START -2.816793893129771 0.219970703125 0.015380859375 15 -3.687022900763359 -2.549618320610687 END
START -3.2213740458015265 0.272216796875 -0.052490234375 16 -1.7404580152671756 -2.969465648854962 END
START -4.015267175572519 0.358642578125 -0.01953125 17 -1.2061068702290076 -1.2595419847328244 END
START -4.374045801526718 0.40185546875 -0.02587890625 18 -0.37404580152671757 -1.8625954198473282 END
START -4.916030534351145 0.4072265625 0.03515625 19 -1.1908396946564885 2.198473282442748 END
START -5.778625954198473 0.4638671875 0.003173828125 20 -3.8244274809160306 2.183206106870229 END
START -2.3435114503816794 0.5068359375 -0.03125 21 -2.1526717557251906 2.786259541984733 END
START -1.5572519083969465 0.475830078125 -0.037841796875 22 -1.213740458015267 1.7709923664122138 END
START -1.015267175572519 0.42724609375 -0.03515625 23 -1.2671755725190839 2.1068702290076335 END
START -0.6641221374045801 0.405517578125 -0.03662109375 24 -0.9007633587786259 1.0610687022900764 END
START -1.1145038167938932 0.388427734375 -0.01220703125 25 -0.7862595419847328 1.549618320610687 END
START -1.1755725190839694 0.33642578125 -0.00390625 26 -0.03816793893129771 0.7633587786259542 END
START -1.282442748091603 0.33203125 0.011474609375 27 0.3893129770992366 1.1068702290076335 END
START -1.3587786259541985 0.325439453125 0.042236328125 28 1.8854961832061068 1.297709923664122 END
START -0.7633587786259542 0.327880859375 0.02392578125 29 -0.2366412213740458 0.31297709923664124 END
START -0.25190839694656486 0.31982421875 0.03076171875 30 -0.6412213740458015 0.22900763358778625 END
START 1.183206106870229 0.3583984375 -0.026123046875 31 0.0 -1.1145038167938932 END
START 0.7480916030534351 0.3330078125 0.021484375 32 -0.6641221374045801 -0.8244274809160306 END
START 0.183206106870229 0.333251953125 0.003662109375 33 0.7175572519083969 -1.3435114503816794 END
START -0.6183206106870229 0.333740234375 0.041015625 34 1.2900763358778626 -1.0381679389312977 END
START -0.7022900763358778 0.349853515625 0.047119140625 35 1.4198473282442747 -1.3435114503816794 END
START -1.1145038167938932 0.385498046875 0.09228515625 36 1.1221374045801527 -0.6564885496183206 END
START -0.8091603053435115 0.405029296875 0.099853515625 37 0.04580152671755725 -0.1450381679389313 END
START 0.24427480916030533 0.44287109375 0.08642578125 38 -0.9694656488549618 0.007633587786259542 END
START 1.4809160305343512 0.455322265625 0.077880859375 39 -1.6412213740458015 -0.11450381679389313 END
START 1.183206106870229 0.409912109375 0.085205078125 40 -2.3893129770992365 0.10687022900763359 END
START 0.8931297709923665 0.384521484375 0.057373046875 41 -1.9541984732824427 1.9236641221374047 END
START 0.9770992366412213 0.377685546875 0.044189453125 42 -1.2061068702290076 0.12213740458015267 END
START 0.5267175572519084 0.370849609375 0.05078125 43 -1.3587786259541985 0.732824427480916 END
START 0.5572519083969466 0.375732421875 0.01708984375 44 -0.9389312977099237 0.4351145038167939 END
START 0.22137404580152673 0.360595703125 0.045166015625 45 -1.2442748091603053 0.9312977099236641 END
START 0.3816793893129771 0.38427734375 0.012939453125 46 -1.1374045801526718 0.22137404580152673 END
START 0.44274809160305345 0.371337890625 0.00732421875 47 -0.5954198473282443 -0.3435114503816794 END
START -0.015267175572519083 0.362548828125 0.02392578125 48 -0.5648854961832062 -0.4351145038167939 END
START 0.11450381679389313 0.3896484375 -0.011474609375 49 0.3511450381679389 -0.08396946564885496 END
START 0.6030534351145038 0.405029296875 0.008544921875 50 0.25190839694656486 0.030534351145038167 END
START 0.6183206106870229 0.39697265625 0.046875 51 -0.3435114503816794 0.48091603053435117 END
START 0.3893129770992366 0.398681640625 0.0439453125 52 -0.24427480916030533 1.1450381679389312 END
START 0.26717557251908397 0.3837890625 0.048583984375 53 -0.5190839694656488 0.9923664122137404 END
START 0.04580152671755725 0.363525390625 0.047119140625 54 -0.5801526717557252 0.8854961832061069 END
START 0.2366412213740458 0.377197265625 0.025390625 55 -0.1984732824427481 0.40458015267175573 END
START 0.45038167938931295 0.388916015625 0.020263671875 56 0.0 0.2748091603053435 END
START 0.9083969465648855 0.394775390625 0.008544921875 57 0.2900763358778626 -0.17557251908396945 END
START 0.549618320610687 0.391357421875 0.0185546875 58 -0.007633587786259542 0.42748091603053434 END
START 0.5114503816793893 0.3759765625 0.0478515625 59 -0.37404580152671757 0.5190839694656488 END
START 0.4732824427480916 0.3623046875 0.05859375 60 -0.549618320610687 0.816793893129771 END
START 0.13740458015267176 0.35546875 0.048828125 61 -0.6106870229007634 0.732824427480916 END
START 0.12213740458015267 0.3447265625 0.058837890625 62 -0.46564885496183206 0.6412213740458015 END
START -0.19083969465648856 0.340087890625 0.042236328125 63 -0.46564885496183206 0.1984732824427481 END
START -0.061068702290076333 0.345458984375 0.015625 64 0.09923664122137404 -0.40458015267175573 END
START 0.24427480916030533 0.360107421875 0.033447265625 65 -0.007633587786259542 -0.37404580152671757 END
START 0.42748091603053434 0.38232421875 0.043212890625 66 -0.09923664122137404 -0.4122137404580153 END
START 0.2748091603053435 0.386962890625 0.045166015625 67 -0.13740458015267176 -1.9465648854961832 END
START 0.13740458015267176 0.378662109375 0.05859375 68 -0.4198473282442748 0.2824427480916031 END
START -0.22900763358778625 0.365966796875 0.032470703125 69 -0.31297709923664124 0.03816793893129771 END