START 2.5801526717557253 0.46435546875 -0.01708984375 2 3.1908396946564888 0.4961832061068702 END
START 3.068702290076336 0.466064453125 -0.01806640625 3 4.312977099236641 0.32061068702290074 END
START 3.7480916030534353 0.48291015625 0.013916015625 4 4.435114503816794 1.0687022900763359 END
START 4.015267175572519 0.4326171875 0.041015625 5 4.213740458015267 0.5725190839694656 END
START 3.5343511450381677 0.37060546875 0.11083984375 6 5.786259541984733 -0.3816793893129771 END
START 3.4198473282442747 0.338623046875 0.129150390625 7 3.6412213740458017 -0.9541984732824428 END
START 2.2748091603053435 0.31787109375 0.16455078125 8 3.5877862595419847 -1.1603053435114503 END
START 0.9618320610687023 0.259765625 0.2275390625 9 2.435114503816794 -1.0763358778625953 END
START 0.6106870229007634 0.264404296875 0.211669921875 10 1.816793893129771 -1.4961832061068703 END
START 0.24427480916030533 0.256591796875 0.222412109375 11 0.15267175572519084 -1.083969465648855 END
START 0.13740458015267176 0.27880859375 0.221435546875 12 -1.6030534351145038 -1.5954198473282444 END
START 0.1450381679389313 0.304443359375 0.21875 13 -2.618320610687023 -1.6641221374045803 END
START 0.549618320610687 0.39013671875 0.169677734375 14 -3.3435114503816794 -1.3511450381679388 END
START -0.42748091603053434 0.375244140625 0.201904296875 15 -5.0458015267175576 -0.5190839694656488 END
START -1.0458015267175573 0.368896484375 0.118896484375 16 -7.801526717557252 0.1984732824427481 END
START -1.5725190839694656 0.38818359375 0.040771484375 17 -5.129770992366412 -0.015267175572519083 END
START -1.8091603053435115 0.387451171875 -0.020263671875 18 -4.557251908396947 1.381679389312977 END
START -2.0839694656488548 0.376220703125 -0.085205078125 19 -3.8473282442748094 0.4122137404580153 END
START -2.1603053435114505 0.388671875 -0.100830078125 20 -2.8931297709923665 1.4122137404580153 END
START -2.564885496183206 0.366943359375 -0.078369140625 21 -2.2595419847328246 1.8549618320610688 END
START -2.3053435114503817 0.354248046875 -0.048583984375 22 -2.6564885496183206 3.877862595419847 END
START -0.22900763358778625 0.42138671875 -0.14453125 23 -0.7175572519083969 0.16030534351145037 END
START -1.0229007633587786 0.3603515625 -0.031982421875 24 -0.9847328244274809 1.0916030534351144 END
START -1.0229007633587786 0.357421875 -0.061767578125 25 -0.05343511450381679 0.6259541984732825 END
START -1.3358778625954197 0.354248046875 -0.04296875 26 0.44274809160305345 0.5648854961832062 END
START -1.5954198473282444 0.33154296875 -0.015380859375 27 0.35877862595419846 0.7480916030534351 END
START -1.4427480916030535 0.336669921875 0.0107421875 28 0.5267175572519084 0.40458015267175573 END
START -1.1526717557251909 0.3388671875 0.028564453125 29 0.32061068702290074 0.45038167938931295 END
START -0.6564885496183206 0.335693359375 0.057861328125 30 -0.2595419847328244 0.08396946564885496 END
START 0.7175572519083969 0.37744140625 0.033935546875 31 -0.5877862595419847 -0.8320610687022901 END
START 0.6564885496183206 0.3857421875 0.0693359375 32 -1.4274809160305344 -0.9007633587786259 END
START 0.7175572519083969 0.365966796875 0.047607421875 33 -1.183206106870229 -1.282442748091603 END
START 0.2595419847328244 0.359375 0.033203125 34 -0.9312977099236641 -1.1908396946564885 END
START -0.183206106870229 0.354248046875 0.038818359375 35 -0.6183206106870229 -0.7175572519083969 END
START -0.1450381679389313 0.3642578125 0.024169921875 36 -0.3511450381679389 -0.42748091603053434 END
START -0.37404580152671757 0.40283203125 0.0341796875 37 -0.3969465648854962 0.3435114503816794 END
START 0.11450381679389313 0.42138671875 0.019775390625 38 -0.549618320610687 0.6106870229007634 END
START 0.5038167938931297 0.4169921875 0.0166015625 39 -0.4580152671755725 0.6717557251908397 END
START 0.7633587786259542 0.40087890625 0.003173828125 40 -0.1450381679389313 -0.16793893129770993 END
START 0.5648854961832062 0.3828125 0.02880859375 41 -0.183206106870229 -0.04580152671755725 END
START 0.7862595419847328 0.38818359375 0.020751953125 42 -0.09923664122137404 -0.3511450381679389 END
START 0.8473282442748091 0.39599609375 0.02587890625 43 -0.37404580152671757 -0.16030534351145037 END
START 0.6106870229007634 0.392578125 0.041015625 44 -0.7938931297709924 0.3282442748091603 END
START 1.9236641221374047 0.37744140625 0.032470703125 45 -0.5648854961832062 0.7786259541984732 END
START -0.33587786259541985 0.368408203125 0.033203125 46 -0.5267175572519084 0.6641221374045801 END
START -0.2748091603053435 0.369140625 0.018310546875 47 -0.2595419847328244 0.6259541984732825 END
START -0.5114503816793893 0.36865234375 0.02490234375 48 -0.03816793893129771 0.7251908396946565 END
START -0.5038167938931297 0.35595703125 0.017333984375 49 -0.0916030534351145 0.7557251908396947 END
START 0.22900763358778625 0.379150390625 0.01025390625 50 0.3053435114503817 -0.04580152671755725 END
START 0.48091603053435117 0.371826171875 0.039306640625 51 -0.022900763358778626 -0.1984732824427481 END
START 0.732824427480916 0.3642578125 0.052978515625 52 -0.4961832061068702 -0.26717557251908397 END
START 0.40458015267175573 0.361572265625 0.0576171875 53 -0.6870229007633588 -0.06870229007633588 END
START 0.19083969465648856 0.35107421875 0.05712890625 54 -0.9465648854961832 -0.2595419847328244 END
START -0.007633587786259542 0.350830078125 0.0498046875 55 -1.1755725190839694 -0.1297709923664122 END
START -0.05343511450381679 0.366943359375 0.030029296875 56 -0.8702290076335878 -0.0916030534351145 END
START 0.1984732824427481 0.375 0.022705078125 57 -1.1145038167938932 0.3816793893129771 END
START 0.7175572519083969 0.39697265625 -0.0029296875 58 -0.4732824427480916 -0.04580152671755725 END
START 0.6793893129770993 0.383544921875 0.024658203125 59 -1.083969465648855 0.04580152671755725 END
START 1.251908396946565 0.40087890625 -0.00439453125 60 -0.5343511450381679 -0.9312977099236641 END
START 0.7022900763358778 0.368408203125 0.0244140625 61 -0.7404580152671756 -0.4351145038167939 END
START 0.35877862595419846 0.365966796875 0.02685546875 62 -0.6717557251908397 -0.549618320610687 END
START 0.2748091603053435 0.376708984375 0.02099609375 63 -0.4961832061068702 -0.19083969465648856 END
START 0.10687022900763359 0.384033203125 0.015869140625 64 -0.5343511450381679 0.09923664122137404 END
START 0.17557251908396945 0.38671875 0.015380859375 65 -0.2900763358778626 0.12213740458015267 END
START 0.05343511450381679 0.37548828125 0.02880859375 66 -0.2748091603053435 0.2900763358778626 END
START 0.2366412213740458 0.3876953125 0.001220703125 67 0.0916030534351145 -0.10687022900763359 END
START 0.1984732824427481 0.384033203125 0.025634765625 68 0.1450381679389313 0.32061068702290074 END
START 0.13740458015267176 0.36962890625 0.031494140625 69 -1.9541984732824427 -0.0916030534351145 END
START -0.15267175572519084 0.37109375 0.037353515625 70 -0.06870229007633588 -0.03816793893129771 END
START 0.022900763358778626 0.383544921875 0.025634765625 71 -0.25190839694656486 -0.4961832061068702 END